95.4
94.1
94.55
93.8
95.35
95.3
94.3
93.3
94.45
92.75
92.35
91.8
91.15
89.7
90.1
87.1
86.6
87.9
85.8
84.95
83.55
81.75
80.1
79.7
79.35
78.55
73.4
74.65
72.4
70.35
69.65
68
66.15
64.3
61.85
60.9
58.95
55.15
53.05
50.95
50.6
49.1
46.5
44.55
39.05
40.5
38.45
36.45
33.3
30
30.6
30.85
29
27.4
24
25.45
22.1
19.5
19.5
18.8
17.55
16.3
14.95
12.75
12.05
12.7
12.9
11.95
10
10.45
9.25
8.4
8.5
8.35
7.95
6.45
6.15
6.15
5.75
5.75
6.1
5
5.65
5.1
4.65
4.85
4.75
5.05
5
4.45
4.25
3.9
4.75
4.65
4.9
3.75
3.8
3.9
4.45
4.8
4.3
4.05
4.3
3.85
3.3
4.5
4.45
4.2
4.45
4.05
4.15
3.3
4.85
3.75
4
4.5
4
4.85
4.25
5.6
6.25
5
5.25
5.15
6.25
6.4
7.25
8.1
8
10.4
8.75
11.4
13.55
16.1
18.75
17.85
25.3
26.5
30.45
35.05
39.8
44.2
50.5
51.3
57.45
60.15
65
69.95
72.8
77.85
80.85
84.1
85.8
88.2
89.5
90.25
92.45
95
95.05
97.05
96.05
97.3
99.35
98.75
99.45
99.8
99.75
99.45
99.9
99.75
99.7
