10
10
0
10
10
10
10
0
30
0
10
10
10
0
20
10
20
10
30
10
20
30
30
30
30
30
20
10
50
40
30
20
50
20
20
10
70
30
60
40
50
60
50
50
50
70
50
60
70
60
60
60
30
70
60
90
40
60
60
70
60
70
70
90
60
60
90
80
70
80
70
50
100
50
70
90
50
60
70
80
90
60
60
50
80
80
70
80
80
60
70
70
80
70
60
70
80
90
100
90
60
70
50
90
60
50
60
60
70
70
70
90
70
80
70
70
80
80
80
100
70
60
70
50
60
50
40
70
50
90
60
50
80
40
30
60
50
30
80
60
50
30
50
20
40
30
40
100
40
30
0
20
10
10
10
10
30
10
0
10
0
0
0
0
0
0
0
0
0
0
0
