1.17
1.26
1.58
1.48
1.42
1.43
1.4
1.81
1.37
1.86
1.72
2.47
2.21
2.45
2.91
2.63
3.08
3.1
3.48
3.67
3.81
5.08
4.52
4.8
5.36
5.27
6.16
6.13
6.18
6.98
7.6
6.98
8.23
8.23
8.86
9.59
9.76
9.81
10.36
10.76
11.81
11.27
12.51
12.44
12.75
12.86
14.01
13.82
14.37
13.89
15.33
15.24
15.32
15.33
15.36
16.26
16.49
16.5
16.96
17.11
17.71
17.47
17.49
17.23
17.76
18.2
18.25
18.52
18.41
18.42
18.42
18.32
18.43
17.25
18.52
18.96
18.38
18.91
18.24
18.7
18.94
18.66
18.34
19.08
19.21
18.8
18.28
18.62
18.65
18.9
18.83
18.91
18.86
18.84
19.09
19.52
18.97
18.88
18.67
18.67
19.03
19.39
18.25
20.02
18.77
19.02
18.59
19.07
18.43
18.64
19.31
19
19.69
18.46
18.88
18.57
18.84
18.78
19.71
18.55
19.05
18.32
18.8
18.74
18.65
18.96
19.86
18.77
19.21
18.48
18.05
18.35
17.55
17.58
16.46
16.9
16.77
15.54
14.89
14.34
13.02
12.71
11.06
10.97
9.53
9.27
7.89
7.34
6.71
5.87
4.61
4.2
3.53
2.52
2.46
2.21
1.65
1.14
1.29
0.81
0.72
0.48
0.14
0.24
0.13
0.05
0.06
0.05
0.04
0.05
0.08
