0.4
0.25
0.55
0.35
0.2
0.25
0.65
0.6
0.25
0.3
0.5
0.65
0.6
0.8
0.5
0.9
0.7
0.55
0.85
1.15
1.05
1.3
1.6
1.05
1.3
1.7
1.3
1.4
2.25
1.9
2.5
2
2.55
1.6
2.25
2.25
2.8
3.35
3.3
3.8
3.4
3.85
3.4
4.35
3.6
3.45
3.9
3.8
4.1
4.1
4.3
3.7
5.2
5.05
4.5
4.9
4.7
5.5
4.4
5.2
5.75
5.85
5.25
5.65
5.45
4.85
6.05
5.7
6.5
6.05
5.3
5.95
6.9
6.2
5.85
6
6.9
4.9
5.9
6.15
5.15
6.2
5.35
5.5
5.9
6.3
5.9
6.1
5.95
5.7
6.7
6.25
6.25
5.75
6.25
5.35
5.7
5.75
5.95
6.05
6.55
6.35
6.45
5.4
6.4
6.15
5.55
6.05
6.25
7.05
6.55
5.65
6.25
6
6.55
5.8
5.9
6.7
5.5
5.45
6.2
6.4
6.4
5.8
5.5
6.6
6
6.7
5.45
5.8
6.7
4.75
5.95
4.6
4.8
5.55
5.25
4
4.55
3.9
4.5
3.35
2.8
3.45
3.4
2.15
2.65
1.55
2.1
1.65
0.95
1
0.95
0.65
0.8
0.65
0.5
0.1
0.4
0.2
0.35
0.15
0.05
0.05
0
0
0
0.05
0
0
0
