0.06
0.09
0.12
0.09
0.05
0.11
0.12
0.17
0.09
0.19
0.15
0.11
0.17
0.18
0.2
0.15
0.18
0.3
0.29
0.31
0.31
0.36
0.4
0.32
0.34
0.37
0.51
0.39
0.44
0.5
0.61
0.54
0.61
0.61
0.69
0.66
0.78
0.59
0.88
0.76
0.82
0.83
1.03
0.89
0.99
0.81
0.88
1.05
0.82
1.1
1.27
1.17
1.07
1.06
1.15
1.34
1
1.44
1.14
1.21
1.08
1.4
1.28
1.28
1.43
1.36
1.23
1.21
1.38
1.35
1.51
1.42
1.42
1.25
1.33
1.19
1.55
1.18
1.36
1.22
1.23
1.33
1.15
1.42
1.5
1.33
1.43
1.3
1.49
1.27
1.39
1.41
1.35
1.36
1.56
1.27
1.24
1.41
1.31
1.3
1.4
1.3
1.35
1.27
1.4
1.28
1.33
1.32
1.33
1.28
1.32
1.54
1.39
1.27
1.32
1.53
1.48
1.54
1.4
1.3
1.05
1.25
1.61
1.41
1.2
1.21
1.18
1.42
1.4
1.24
1.31
1.19
1.04
1.4
1.21
1.19
1.22
1.11
1.14
0.99
0.73
0.79
0.89
0.67
0.65
0.65
0.69
0.48
0.47
0.5
0.27
0.28
0.21
0.21
0.21
0.16
0.21
0.11
0.1
0.06
0.05
0.04
0
0.02
0.01
0
0
0
0
0
0
