0
0.2
0.1
0.1
0
0.1
0.15
0.05
0
0
0.05
0.05
0.1
0
0.05
0.1
0.35
0
0.25
0.2
0.15
0.15
0.15
0.15
0.2
0.15
0.25
0.2
0.25
0.55
0.2
0.6
0.45
0.25
0.25
0.6
0.7
0.6
0.6
0.15
0.4
0.6
0.7
0.5
0.7
0.3
0.4
0.7
0.6
0.65
0.5
0.6
0.45
0.8
0.65
0.75
0.3
0.75
0.7
0.45
0.5
0.65
0.35
0.75
0.7
1.05
0.85
0.8
0.7
0.8
0.8
0.8
0.7
0.6
1.25
0.85
0.95
0.85
0.7
0.8
0.85
0.8
1
0.55
0.75
0.45
0.7
1.2
0.95
0.9
1
0.75
1.2
0.9
0.75
0.6
0.6
0.9
0.9
0.85
0.9
0.85
1.15
0.95
0.85
0.75
0.95
1
0.8
0.95
0.6
0.65
0.95
0.85
1
0.55
0.7
0.9
0.75
0.8
0.8
0.7
0.55
0.9
0.75
1.15
0.5
0.65
0.85
0.5
0.8
0.7
1.05
0.6
0.75
0.5
0.8
0.8
0.8
0.6
0.3
0.25
0.35
0.8
0.55
0.25
0.4
0.25
0.1
0.3
0.1
0.35
0.05
0.05
0.05
0
0.05
0
0
0.05
0
0
0
0
0
0
0
0
0
0
0
