93.6
91.7
92.6
91.1
91.2
92
91.3
89.2
90.3
90.9
89.8
88.2
87.2
86.7
84.2
84.8
82.3
84.4
79.4
78.6
78.3
72.6
77.2
74.3
71.3
71.8
67.5
66.9
62.8
63.6
61
59.3
58
55.9
52.7
53.3
50.7
48.5
47.6
45.7
44.8
44.3
40.7
44
37.2
38
36.1
38.4
35
34.2
32.3
32.4
31.4
33.1
29.5
31.6
31.5
26.9
30
29.4
27.3
27.4
28.4
27.9
26.6
27
27.4
27
27.1
29.6
28.8
24.7
26.5
30.6
26
29
28
27.6
28.6
28.2
26.7
25.5
27.9
29.4
26.4
28.5
31.5
27.9
28.2
27.2
26.9
27.4
29.1
26.9
26.5
26.7
25
26.9
27.6
27.7
26.2
26.1
25.2
24.5
28.4
27.2
28.7
25.9
24.5
29
29.5
25.4
24.9
26.7
27.2
28.9
29
25.7
26.4
30.1
26.9
26.9
29.4
28.6
28
26.7
27.5
28.3
27.2
29.9
26.8
27.9
27.7
28.9
28.2
28.8
31.8
31.7
33.8
34.3
37.7
41
40.2
48.6
48.1
53.2
57.1
62.6
63.6
70.8
73.1
76.9
81.7
82.6
85.3
87.4
88.1
92.8
93.5
92.9
95.2
96.9
99.7
97.8
99.5
100
99.1
99.4
100
99.6
99.8
