1.35
1.5
1.3
1.8
1.35
1.3
1.7
1.95
0.95
1.9
1.95
1.95
2.75
2.9
2.2
2.9
2.85
3.3
4.4
4.15
4.85
5.3
4.9
4.85
4.85
6
7.2
6.85
7.9
7.35
8.65
8.85
8.6
9.1
10.4
10.9
11.4
11.5
14.1
13.7
12.35
12.8
13.2
15.5
16.6
14.6
15.45
15.95
17.45
18.4
19
18.75
18.1
19.5
19.25
19.85
20.4
21.1
21.9
20.65
20.7
23.5
21.4
22.1
22.9
23.05
21.9
22.55
23.3
24.6
23.95
22.5
23.85
25.2
24.6
25.1
24.35
23.15
25.2
23.85
23.2
24.35
24.3
25.2
24.95
24.6
23.95
25.2
22.85
23.1
25.15
24.25
24.6
24.25
22.9
24.25
23.25
25.1
22.45
24.55
22.95
25.9
25.95
25.85
24.55
25.05
25.8
23.65
24.75
24.1
22.3
23.3
25.05
25.35
25.05
25.05
25.2
24.8
24.75
24
24.45
24.8
25.15
25
22.65
24.05
24
23.9
23.85
23.2
23.55
21.6
21.4
20.75
22
21.4
19.15
19.15
18.35
17.75
13.8
14.8
13.2
12.9
9.9
9.9
9.85
8.7
7.15
5.85
4.55
4.7
3.7
2.8
2.5
2.5
1.8
1.9
1.05
0.55
1.15
0.8
0.3
0
0.05
0.05
0.15
0.15
0.05
0.15
0.15
