96
95.7
95.6
95.1
96.1
96.6
95.2
96.1
96.5
96.3
96.2
95.8
95.2
95.8
97.2
96.3
95.3
96.1
95.3
94.4
96.1
96.6
96.3
96.4
96.6
95.7
95.4
95.5
96.5
96.7
95.4
95.3
95.8
96.1
97.2
96.8
96
95.7
96.5
96.5
96.5
96.5
95.6
96.4
97
96.3
95.6
95.8
96.2
94.9
96.3
96.7
95.8
96.4
96.3
96.6
95.6
96
96.2
95.7
96.7
97.1
95.7
96.1
96.6
95.6
95.1
96
93.5
96.3
96.4
96.3
95.9
96.7
96.8
97.2
95.9
96
95.9
96.8
96.3
96.2
95.6
95.5
97.4
96.4
95.3
96
97
96.2
96
95.7
95.8
96.4
95.8
95.8
96.8
95.6
96.5
96.5
96.2
96.5
95.1
96.6
96.4
96.2
96.6
96.6
95.9
96.7
95.3
96.1
95.6
96.4
96.4
95.7
96.4
95.6
95.8
96.9
96.3
97
96.2
96.2
95.8
96.3
94.9
96.2
94.4
94.6
97
96.1
95.9
95.4
96.9
95.1
96.7
96.9
96.4
95.6
95.7
96.9
95.8
96.8
95.8
97.2
95.5
95.2
96.1
95.9
95.6
96.6
96.2
95.4
95.6
95.9
96.4
96.2
95.9
96.5
95
95.8
96.4
95.4
95.4
95.7
95.5
95.8
95.5
96.8
95.4
