0.01
0.01
0
0.01
0.01
0.02
0.01
0.02
0.03
0
0
0.02
0.03
0.03
0.03
0.05
0.02
0
0.03
0.03
0.03
0.03
0.05
0.04
0
0
0.09
0.05
0.02
0
0.05
0.07
0.06
0.08
0.03
0.08
0.08
0.1
0.06
0.07
0.05
0.08
0.14
0.07
0.06
0.15
0.15
0.22
0.14
0.13
0.12
0.15
0.14
0.14
0.07
0.09
0.12
0.09
0.09
0.09
0.11
0.1
0.15
0.1
0.09
0.14
0.13
0.16
0.14
0.1
0.14
0.17
0.13
0.08
0.19
0.16
0.09
0.19
0.14
0.15
0.13
0.1
0.1
0.12
0.15
0.15
0.25
0.13
0.1
0.1
0.15
0.1
0.12
0.13
0.12
0.12
0.18
0.12
0.18
0.15
0.16
0.1
0.1
0.14
0.21
0.18
0.15
0.12
0.15
0.12
0.13
0.19
0.19
0.13
0.14
0.16
0.16
0.21
0.1
0.13
0.08
0.05
0.13
0.16
0.08
0.11
0.16
0.13
0.19
0.13
0.18
0.16
0.12
0.16
0.14
0.16
0.11
0.08
0.13
0.17
0.09
0.1
0.08
0.07
0.06
0.1
0.02
0.09
0.02
0.06
0.04
0.02
0.03
0.01
0.01
0.04
0.01
0.03
0.01
0
0
0
0
0
0
0
0
0
0
0
0
