91.45
90.7
91.5
89.45
91.2
90.9
89.95
88.65
90.05
88.5
86.75
88
87.1
85.3
86.2
84.45
83.8
83.75
81.8
81.9
78.45
79.75
77.5
78.05
74.95
75.05
69.95
73.75
67.6
66.75
66.15
64.5
61.85
61.35
57.35
56.3
54.95
51.35
51.05
46.1
46.2
46.9
41.95
40.3
35.7
37
31.25
33.5
30
28.2
26.55
26.8
23.45
23.35
22.25
19.6
18.4
17.2
14.9
13.8
13.65
11.65
10.6
10.65
10.95
9.4
9.35
7.75
5.45
5.8
5.4
5.4
4.4
3.7
3.2
2.8
3.85
3.4
2.8
2.15
2.55
1.95
1.9
1.85
1.7
1.4
1
1.35
1.4
1.15
0.85
0.6
0.8
0.6
0.65
1.05
0.75
0.55
0.8
0.6
0.85
0.55
0.6
0.45
0.75
0.6
0.55
0.55
0.65
0.65
1.05
0.7
0.7
0.6
0.55
0.7
0.9
1
1.05
0.95
0.95
1.25
1.25
1.95
2.15
2.25
2.6
3.7
4.9
5.65
7.25
8.45
10.1
11.45
13.85
16.25
20.4
23.25
24.7
33
36
39.65
44.9
48.25
52.75
57.7
62.65
65.3
69.3
74
75.15
81.85
82.85
84.65
85.55
86.65
89.65
91.7
91
93.1
92
93.65
95.85
94.85
95.8
95.4
96.15
96.85
95.65
94.95
95.65
