1.5
2.2
1.3
2.2
1.2
1.5
0.9
2.9
1.6
2.2
1.8
1.8
3.2
3
2.8
3
3.3
3
3.7
4
4.6
5.1
5.4
5.9
7
6.7
9.2
8.4
10.2
9.2
9.1
8.8
9.4
11.9
11.9
13.6
13.2
11.1
13.4
14.9
16
15.8
16.2
17.5
16.9
17.9
18.7
18.8
20.5
20.8
20.5
20.3
21.4
20.1
22.6
24.2
22.3
24.4
25.3
24.4
25.8
28.7
25.3
25.6
25.2
25.1
28.9
23.3
28.6
29.8
30
26.5
29.7
30
30.9
29.3
29
29.6
28.1
29.3
30.6
27
27.4
28.2
26.8
28.6
27.8
29.3
26.6
28.7
28.4
29.8
28.2
30.9
29.2
30.1
28.1
25.3
28.3
29.7
30.4
30.1
29.2
30.2
29.3
27.4
29.9
29.4
30.7
28.5
29.7
26.4
27.4
30
28.4
28.7
28.9
29.4
29.3
29.4
26.5
27.8
27.5
31.9
28.5
29
23
29.3
26.9
26.8
27.8
26.8
25.6
26.1
24.2
23.6
24.8
21.8
20.5
20.1
19.4
15
15.6
15.2
13.5
9.9
9.6
8.8
7.8
7.3
4.7
3.5
4.3
4.4
2.7
2.2
2.3
1.8
2.1
0.9
1.4
0.7
0.2
0.8
0.1
0
0
0.1
0.2
0
0
