3.92
4.06
3.8
4.09
3.71
4
3.75
4.03
3.62
4
3.82
3.82
4.16
3.52
4.13
3.91
4.04
4.03
3.67
3.87
4.34
4.23
4.13
3.79
3.76
3.8
3.96
3.67
3.93
4.04
3.8
3.65
3.85
3.89
3.6
3.96
3.93
4.3
3.78
3.68
3.93
4.18
4.24
4.02
4.04
3.97
3.84
3.71
4.04
3.7
4.13
3.84
4.36
4.06
4.25
3.87
3.71
4.06
3.87
4.13
3.98
4.1
4.07
3.81
4.31
3.95
4
3.99
4.02
4.15
3.76
4.09
3.93
3.93
3.71
3.97
4.05
4.15
3.99
4.33
3.72
3.8
4.01
3.84
3.74
3.97
4.09
4.14
3.75
3.78
4.22
4.37
4.45
3.9
4.35
3.89
3.85
3.92
3.87
4.14
3.83
3.85
4.08
4.11
3.67
3.74
3.83
3.96
4.17
4.17
3.93
4.1
3.8
4.14
3.53
3.98
4.15
4.12
3.94
3.98
3.79
4.14
3.88
4.33
3.9
3.95
3.98
3.74
4.08
4.01
4.03
3.91
3.73
4.07
3.56
4.3
3.78
4.19
3.85
4.05
4.2
3.94
4.27
3.95
4.08
3.83
4.1
3.91
3.72
3.96
4.08
3.9
3.78
4.05
3.94
3.91
3.88
4.09
3.65
4.15
3.71
3.67
4.04
3.65
3.68
4.02
4.2
3.83
4.31
4.01
3.96
