84.7
84.4
81.4
83.6
83.9
83.5
81.7
81.5
82.3
82.5
80.9
79.1
78.4
74.5
75.9
75.4
73.5
73.6
69.8
70.6
66.8
62.4
65.9
62.5
58.9
59.2
54.3
53.3
53.2
52.3
47.1
47.7
42
41.6
37.8
36.1
33.9
33.3
31.6
28.2
28.7
23
20.4
21
18.9
17.4
14
14.1
11.1
11.3
9.1
11.6
9.2
7.9
6.4
6.3
5
5.1
6
3.6
2.7
2.2
2.2
2.8
1.9
1.5
2.3
1.3
0.8
1.2
0.9
1.3
0.1
0.3
0.9
0.1
0.3
0.3
0
0.2
0.1
0.5
0.1
0
0
0
0
0
0
0
0
0
0
0.1
0
0
0.1
0
0
0
0
0.1
0.1
0
0
0
0
0
0.1
0.1
0
0.1
0
0.1
0
0
0
0
0
0
0
0
0.2
0.2
0.1
0.1
0.3
0.2
0.6
0.9
1.6
2.3
1.8
2.7
3.3
4.2
4.9
5.9
10
14.8
15.5
20.8
23.2
31.1
37.2
37.4
45
47.2
55.2
60.1
64.6
69.5
71.3
72.9
77.4
78.2
82.9
85.6
80.7
87.5
87.4
89.8
92
92.2
93.1
92.7
91.2
92
91.9
91.9
93.5
