95.4733
94.4733
93.9533
93.6467
94.6067
93.9133
94.2067
92.9467
94.1667
93.7733
92.62
91.3733
90.7133
89.2867
88.2467
89.12
87.1867
87.76
85.8267
84.8533
82.9733
81.4067
80.6333
79.8667
78.1
78.4867
74.96
74.76
72.2867
71.7733
69.14
68.0533
65.9667
63.6467
61.1467
59.68
57.9933
55.6667
54.2867
51.4933
50.2333
48.52
46.3333
44.56
41.86
40.5933
38.1667
36.9533
35.0067
32.62
30.72
30.1733
29.0133
27.1267
24.9267
23.38
22.3333
21.2
20.3267
19.4
17.4667
16.7467
15.9867
15.0867
13.8733
13.6067
12.7133
12.06
11.4467
10.5467
9.77333
9.54
9.12667
8.65333
8.29333
8.06667
7.68
7.32667
6.96
6.69333
6.68667
6.41333
6.03333
5.86667
5.66
5.47333
5.27333
5.32667
5.33333
5.3
5.15333
5.14
5.27333
5.07333
5.08667
4.81333
4.88
5.21333
4.81333
5.14
5.06667
4.78
5.08667
4.96667
5.15333
4.92
4.59333
5.12667
5.21333
4.86667
4.8
4.8
4.88
4.85333
5.09333
4.78
5.16667
4.95333
5.24667
5.37333
5.44
5.72
6.12
6.10667
6.14667
6.82
7.14667
7.71333
9.21333
9.76
11.32
12.4133
14.2467
16
18.4267
20.9333
25.1067
27.0733
31.38
34.6267
39.88
43.7933
48.3733
53.46
57.66
61.2067
65.0067
70.1267
72.8867
76.7
81.7933
83.4933
86.2133
89.1
89.7133
91.7933
93
95.1733
95.08
96.5467
96.4933
97.94
99.38
98.7733
99.5333
99.8333
99.5867
99.56
99.9
99.7533
99.5467
