28.1
29
29.2
27.5
28.9
32.2
30.9
31.1
30.8
28.7
28.6
27.3
26.6
28.1
26.3
22.5
23.2
22.7
22.4
19.3
17.2
15.8
14.8
13.4
11.9
13.1
12.1
11.8
9.1
10.3
9.4
9.9
9.2
9.7
8.8
10.7
9.5
10.6
9.4
9.6
10.5
10.2
9.2
9.5
13.2
11.4
12.4
12.2
9.5
13
11.8
11.2
12.7
13.7
13.8
14
14.1
15.3
15.2
15.1
16.6
16.8
17.1
13.9
17.8
18
16.3
16.6
17.6
19
18.1
16
18.6
16.4
18.7
20.8
17.4
17.8
17.1
16.8
15.6
19.4
18.6
18.6
16.7
17.2
16.9
17
17.3
16.9
15.5
14.6
14.3
14.4
14.9
13
13
14.5
12
13.5
11.2
12
10.5
10
12.8
11.8
10.7
9.6
8.8
9.3
10.7
11.9
10.4
10
10.1
9.6
8
8.6
7.7
8.2
8.4
9.6
6
7
8.3
8
6.3
6.6
6.5
6.3
6.8
7.2
9.4
7
5.5
7.3
6.4
6.5
6
4.1
4.9
4.9
6.8
4.6
6.4
5
6.5
6.2
6.3
5.6
6.4
4.8
5
5.9
4.6
5.1
4.5
4.3
4.5
4.3
4.4
4.6
3.4
4.7
4
4.5
4.2
3.9
4.2
4.4
4.9
4.3
4.4
3.2
3.2
3.7
5
3.5
3
3.5
4.3
2
2.9
2.8
3.6
4.4
4.7
3.2
3.5
3.4
3.7
3.2
3.5
3.4
2.2
3
3.5
2.6
2.3
2.8
2.3
3.2
2.4
3.1
2.9
1.8
2.9
2.8
3.7
3.9
2.6
2.2
2.6
1.8
2.6
1.6
2.5
1.7
2.5
2.4
1.9
