1.2
1
1.25
1.2
1.2
1.55
1.45
1.65
1.15
1.45
1.45
2.25
1.65
2.05
2.7
2.45
2.6
2.75
3.2
3.4
3.75
3.7
4.35
4.15
4.75
4.4
5.2
5.45
5.7
6.35
7.05
7.1
7.5
7.2
8.4
7.75
9.75
9.8
9.55
11.15
10.35
10.95
11.5
12.2
12.75
14.05
13.2
14.35
14.2
14.3
14.95
16.1
14.6
15.55
17.1
14.95
17.35
16.5
17.5
17.5
18.45
19.35
17.15
19
18.2
17.45
20.4
19.2
20.3
19.3
22.55
19.15
20.95
19.05
19.5
20
19.5
19.65
20.6
18.8
19.25
20.25
20.35
21.25
19.75
19.85
18.15
19.8
18.7
20.9
21.8
19.4
21.95
18.7
21.7
20.15
20.25
20.95
19.65
20.1
19.2
21.35
19.85
18.45
21.7
20.55
20.35
20.85
21.8
20.55
20.05
19.75
20.65
20.45
20.8
19.9
19.85
19.3
21.45
19.15
20.35
19.85
20.9
20.95
20.25
20.9
19.3
20.75
18.85
19.2
18.85
17.9
17.9
17.55
17.2
16.45
16.2
16.6
16
14.15
12.8
11.45
11.4
9.7
9.45
8.2
7.25
6.55
5.95
5.4
4.8
3.4
2.85
2.85
2.1
1.85
1.8
0.9
0.8
0.75
1
0.65
0.2
0.25
0.2
0.05
0.05
0
0
0
0.1
