0.26
0.346667
0.326667
0.453333
0.293333
0.3
0.426667
0.506667
0.273333
0.44
0.54
0.533333
0.56
0.766667
0.833333
0.686667
0.78
0.866667
0.853333
0.96
1.14667
1.24
1.2
1.29333
1.22
1.61333
1.66
1.79333
1.79333
1.84
2.06
2.07333
1.99333
2.31333
2.51333
2.3
2.9
3.03333
2.80667
2.97333
3.27333
3.4
3.46
3.62667
3.72
3.92
4.13333
3.9
3.94
4.22667
4.53333
4.55333
4.80667
4.68
4.75333
5.08667
4.92667
5.14667
5.4
5.26667
5.08667
5.62
5.54667
5.76
5.82
5.72
6
5.39333
5.83333
5.81333
5.64667
5.89333
5.69333
5.74667
5.71333
5.79333
6.35333
6.08
6.05333
5.77333
6.53333
5.99333
6.26
6.24667
6.21333
6.41333
6.21333
6.08
6.12667
6.06
5.86667
6.14
6.11333
6.30667
6.2
6.22667
6.18667
6.1
6.04667
6.06667
6.26667
6.19333
6.13333
6.32
5.80667
6.16
6.23333
6.38667
6.14
5.80667
6.48
6.14
6.00667
6.04667
6.02
6.3
6.30667
5.84
6.30667
6.56
6.56667
6.16667
5.78667
6.1
5.71333
6.13333
6.13333
6.35333
5.59333
6.2
5.88
5.45333
5.56667
5.36667
5.44
4.96667
4.78
4.56667
4.56667
4.01333
3.8
3.30667
3.52
3
2.86
2.44
2.28667
1.97333
1.77333
1.51333
1.18
1.27333
0.926667
0.76
0.6
0.593333
0.566667
0.293333
0.246667
0.18
0.2
0.12
0.0333333
0.113333
0.0266667
0.0133333
0.0133333
0.02
0.0133333
0.00666667
0.02
