0.08
0.0866667
0.106667
0.126667
0.1
0.126667
0.106667
0.14
0.0666667
0.173333
0.126667
0.173333
0.233333
0.266667
0.213333
0.173333
0.213333
0.24
0.3
0.3
0.28
0.466667
0.373333
0.386667
0.486667
0.44
0.4
0.426667
0.52
0.466667
0.606667
0.626667
0.653333
0.7
0.753333
0.793333
0.953333
0.833333
0.946667
1.00667
0.933333
1.02
0.946667
1.06
1.16
1.01333
1.28
1.38667
1.24
1.22
1.42667
1.46667
1.48667
1.54
1.48667
1.49333
1.53333
1.75333
1.69333
1.36667
1.51333
1.5
1.64667
1.6
1.56
1.58667
1.78667
1.83333
1.86
1.92667
1.52
1.7
2.00667
1.76
1.91333
1.83333
1.62667
1.78667
1.91333
1.78667
1.92
1.99333
1.72
1.85333
1.80667
1.79333
1.68
1.95333
1.81333
2.02
2.04667
1.76667
1.96
2.02667
1.92667
1.76
1.98
1.82667
1.68
1.88
1.82667
1.83333
1.74667
1.82
1.75333
1.74667
1.81333
1.7
1.84667
1.94
1.86
2.03333
1.82
1.80667
1.64667
1.95333
2.12
1.82667
1.8
1.94667
1.75333
1.64667
1.75333
1.88
1.76667
1.86667
1.73333
1.68
1.73333
1.82667
1.58
1.72667
1.6
1.54
1.64667
1.56667
1.52667
1.56667
1.28667
1.30667
1.22
1.22
1.1
1.04
0.886667
0.82
0.886667
0.58
0.513333
0.346667
0.4
0.366667
0.286667
0.253333
0.213333
0.126667
0.14
0.0933333
0.0866667
0.106667
0.0933333
0.02
0
0.02
0
0
0.02
0
0
0
0.00666667
