0
0
0
0
0
0.1
0.15
0
0
0
0.05
0.05
0.1
0
0.05
0.05
0.2
0
0.05
0.05
0.1
0.05
0
0.05
0.2
0.05
0.4
0.2
0.15
0.35
0.1
0.25
0.35
0.2
0.2
0.4
0.4
0.5
0.15
0.25
0.15
0.15
0.65
0.55
0.25
0.35
0.2
0.25
0.45
0.2
0.35
0.5
0.5
0.5
0.55
0.25
0.45
0.2
0.4
0.45
0.6
0.45
0.65
0.2
0.2
0.5
0.55
0.35
0.6
0.7
0.3
0.8
0.45
0.8
0.4
0.6
0.5
0.55
0.65
0.8
0.4
0.55
0.6
0.3
0.45
0.5
0.6
0.4
0.5
0.7
0.4
0.65
0.4
0.55
0.5
0.85
0.65
0.65
0.65
0.55
0.25
0.6
0.65
0.8
0.65
0.65
0.7
0.65
0.15
0.65
0.55
0.85
0.45
0.75
0.55
0.25
0.3
0.3
0.35
0.75
0.55
0.55
0.3
0.75
0.85
0.4
0.35
0.35
0.8
0.6
0.35
0.3
0.7
0.3
0.75
0.2
0.4
0.6
0.4
0.4
0.25
0.25
0.4
0.35
0.25
0.15
0.3
0.2
0.1
0.2
0.25
0.05
0.15
0.05
0.05
0
0.05
0
0.05
0
0
0.05
0
0
0
0
0
0
0
0
0
