0.5128    0.744    1.03547    1.4644    2.05613    2.84453    4.03053    5.57547    7.65827    10.5263    14.2049    18.9081    24.5833    31.298    38.5072    45.8969    52.7664    58.5935    63.6747    67.9836    71.7673    75.3613    78.4481    81.2116    83.6917    85.8824    87.8331    89.3233    90.4269    91.3757    92.1372    92.7681    93.3259    93.8799    94.4059    94.8115    95.2175    95.5601    95.7512    95.8685    
0.5916    0.854667    1.19453    1.694    2.33413    3.2772    4.54547    6.34427    8.70187    11.878    15.9904    21.1561    27.1616    34.0977    41.5419    48.7245    55.1681    60.6733    65.4225    69.4461    73.3388    76.5436    79.5059    82.2093    84.6929    86.6564    88.4221    89.8623    90.8704    91.7245    92.3787    92.9763    93.5213    94.038    94.5513    95.0045    95.3783    95.6705    95.8208    95.9972    
0.7052    0.973333    1.35533    1.92413    2.64293    3.74613    5.2132    7.15413    9.8764    13.3813    17.9053    23.444    29.8744    37.0891    44.3611    51.2665    57.4859    62.608    67.1373    70.9809    74.6743    77.7481    80.622    83.2908    85.5041    87.4615    89.0107    90.2708    91.2969    92.0693    92.674    93.2581    93.7153    94.2729    94.7311    95.1119    95.4985    95.7349    95.8908    95.9849    
0.789733    1.1108    1.56613    2.17667    3.03867    4.26933    5.8988    8.1732    11.0988    14.9704    19.9803    25.9304    32.7019    40.0345    47.342    53.8681    59.6451    64.5308    68.7452    72.4756    75.9009    79.0521    81.808    84.2708    86.3417    88.1187    89.5523    90.7128    91.5763    92.2635    92.8739    93.4137    93.944    94.4833    94.8892    95.2793    95.6155    95.8105    95.8771    96.0111    
0.9048    1.2744    1.776    2.51147    3.51013    4.88067    6.75973    9.3104    12.5992    16.8869    22.1631    28.5727    35.5997    42.8939    49.9163    56.2691    61.6648    66.1141    70.2539    73.8345    77.1779    80.0708    82.7677    85.1248    87.1139    88.7324    90.0697    91.064    91.8783    92.4725    93.0693    93.6377    94.2099    94.6691    95.0392    95.416    95.6763    95.8273    95.9544    96.084    
1.0432    1.45293    2.046    2.86573    3.9832    5.61253    7.61893    10.516    14.1384    18.9232    24.6884    31.32    38.5816    45.8096    52.5831    58.5257    63.5391    67.8531    71.8007    75.2496    78.4452    81.2435    83.7416    85.9699    87.786    89.2456    90.4411    91.3272    92.1609    92.8004    93.3173    93.8188    94.3304    94.8183    95.2424    95.5237    95.7537    95.8904    96.0068    96.0421    
1.19827    1.6788    2.3244    3.24427    4.56107    6.26053    8.67413    11.9079    15.9565    20.9877    27.284    34.1592    41.528    48.6241    55.1559    60.6043    65.3767    69.5443    73.2572    76.5767    79.5789    82.3357    84.6536    86.7945    88.4568    89.7605    90.8085    91.6465    92.4293    93.0009    93.5144    94.0663    94.4873    94.9639    95.3604    95.6523    95.818    95.9547    96.0369    96.0771    
1.3696    1.92573    2.67707    3.75533    5.22533    7.14707    9.88853    13.37    17.8711    23.4484    29.9193    37.1256    44.4395    51.3692    57.4479    62.5644    67.0669    71.0479    74.5685    77.8281    80.6507    83.2927    85.5089    87.4613    88.9843    90.2392    91.232    91.954    92.6013    93.182    93.7332    94.2501    94.6923    95.1709    95.5108    95.6647    95.8607    95.948    96.0103    96.0456    
1.54587    2.17187    3.08373    4.278    5.93413    8.1088    11.1603    15.0699    20.0353    25.9129    32.7267    40.0532    47.2689    53.8383    59.5185    64.4903    68.7491    72.5237    75.8141    78.9404    81.7992    84.246    86.3352    88.0909    89.6023    90.6429    91.5919    92.2263    92.8628    93.4303    93.8913    94.5159    94.9299    95.3124    95.6021    95.7789    95.9049    96.0401    96.0073    96.0369    
1.76787    2.5104    3.49867    4.84653    6.68147    9.246    12.6481    16.8212    22.2712    28.5713    35.6083    42.9795    49.928    56.2349    61.638    66.2396    70.2753    73.8849    77.1957    80.2087    82.7776    85.0639    87.078    88.6569    90.0065    91.128    91.8616    92.504    93.118    93.7005    94.1684    94.6584    95.0336    95.4256    95.656    95.8433    95.9851    96.0272    96.0732    96.0667    
2.02027    2.86347    4.03107    5.51973    7.65653    10.4663    14.1788    18.8891    24.6548    31.2855    38.5336    45.7631    52.6376    58.5876    63.4837    67.8873    71.7524    75.1941    78.3528    81.2141    83.8083    85.898    87.8149    89.2928    90.4311    91.3872    92.0835    92.7219    93.3472    93.8843    94.3612    94.8705    95.2464    95.5401    95.7617    95.9161    95.9923    96.0336    96.0297    96.0699    
2.32653    3.26013    4.5292    6.3216    8.70173    11.8887    15.9011    21.0429    27.1676    34.1751    41.5228    48.6324    55.1315    60.5869    65.4287    69.5556    73.2356    76.5087    79.5359    82.2141    84.5916    86.7067    88.3985    89.8848    90.8317    91.666    92.4297    92.968    93.5267    94.0757    94.5567    95.0191    95.3617    95.5589    95.8084    95.9099    95.9845    96.0424    96.0408    96.086    
2.66667    3.73053    5.16947    7.20587    9.87947    13.3183    17.8844    23.4076    29.9804    37.1052    44.3663    51.3908    57.4293    62.6132    67.1075    70.9285    74.5817    77.7617    80.6999    83.3016    85.4727    87.4232    88.9711    90.3284    91.236    92.0195    92.5839    93.2029    93.7412    94.2356    94.7737    95.1431    95.4808    95.7055    95.8579    95.9416    96.0513    96.0773    96.0703    96.0805    
3.0372    4.24573    5.9752    8.14053    11.0911    15.0431    19.9875    25.8905    32.7385    40.0197    47.2053    53.9535    59.6605    64.4883    68.7036    72.5071    75.8871    79.0528    81.7931    84.1515    86.3644    88.1253    89.5441    90.6373    91.5419    92.3045    92.8921    93.3596    93.8805    94.416    94.9217    95.2889    95.6031    95.8673    95.8985    96.0235    96.0288    96.0605    96.0669    96.0457    
3.47227    4.8764    6.7688    9.2924    12.6527    16.8688    22.1617    28.4403    35.5428    42.9475    50.1775    56.2641    61.6848    66.2425    70.2763    73.9721    77.1819    80.1116    82.7287    85.1124    87.0508    88.7069    90.0727    91.0861    91.8196    92.5065    93.1203    93.6329    94.1064    94.6463    95.0728    95.4272    95.7048    95.8931    95.9695    96.0849    96.0351    96.0615    96.0755    96.0703    
3.99293    5.5712    7.678    10.5071    14.2088    18.9899    24.6243    31.25    38.4492    45.8343    52.6568    58.4199    63.5228    67.9376    71.8403    75.3125    78.4025    81.2273    83.7483    85.9196    87.8008    89.2485    90.4729    91.3529    92.1347    92.768    93.3492    93.8537    94.318    94.8188    95.24    95.5605    95.7911    95.9415    96.0137    95.9903    96.0243    96.0516    96.0195    96.0448    
4.53987    6.3104    8.71067    11.8496    15.9764    21.0873    27.1584    34.19    41.3473    48.5868    55.0681    60.7317    65.3547    69.4675    73.1989    76.4881    79.6561    82.2691    84.6704    86.6489    88.4337    89.866    90.8617    91.6957    92.366    93.01    93.5523    94.0541    94.5356    94.9763    95.3983    95.6457    95.8348    95.9608    96.028    96.0172    96.0257    96.0525    96.0679    96.0875    
5.19267    7.22427    9.86733    13.3547    17.8739    23.4605    29.8343    37.1368    44.4891    51.3468    57.4539    62.694    67.0333    71.014    74.6341    77.7961    80.812    83.2753    85.4176    87.4228    89.0136    90.2731    91.2544    92.0005    92.6173    93.2153    93.7436    94.2619    94.7024    95.1331    95.4491    95.7395    95.8844    95.9756    96.0915    96.0384    96.0868    96.0357    96.0597    96.0633    
5.93307    8.196    11.1379    15.0443    19.9397    25.8843    32.6671    40.0949    47.3356    53.8732    59.5839    64.5355    68.7487    72.5287    75.9327    78.9308    81.8528    84.1843    86.3141    88.042    89.5513    90.6676    91.53    92.2991    92.8697    93.4051    93.9945    94.4476    94.894    95.2811    95.6063    95.8008    95.9623    96.042    96.0495    96.1089    96.0453    96.066    96.0812    96.0655    
6.74507    9.23653    12.6091    16.9276    22.2019    28.6144    35.5909    42.9037    49.9101    56.3684    61.5817    66.1943    70.2429    73.9371    77.2292    80.2107    82.7463    85.0529    87.0788    88.6979    90.0989    91.0156    91.8951    92.49    93.0908    93.6535    94.1548    94.6131    95.0941    95.4249    95.6875    95.8971    95.9595    96.0595    96.0176    96.0367    96.0353    96.0005    96.0491    96.0143    
7.664    10.4993    14.1721    18.8809    24.6255    31.3881    38.4505    45.8031    52.6173    58.5463    63.6219    67.8633    71.7873    75.2444    78.4179    81.2841    83.7515    85.9203    87.7383    89.3303    90.5096    91.3721    92.1205    92.7591    93.3372    93.8747    94.3308    94.8057    95.2241    95.5587    95.774    95.9031    96.0289    96.0188    96.0224    96.0288    96.0775    96.0675    96.0693    96.0888    
8.71133    11.8433    15.9764    21.1343    27.2612    34.0637    41.4993    48.6239    55.0737    60.6003    65.3661    69.6283    73.1987    76.6811    79.6252    82.2677    84.6612    86.7207    88.4044    89.8032    90.9175    91.698    92.3583    92.9777    93.5027    94.0669    94.5136    94.9359    95.3399    95.63    95.8343    95.9555    96.0583    96.0392    96.0779    96.0552    96.0456    96.0679    96.0677    96.062    
9.84667    13.3043    17.8096    23.3221    29.9528    37.088    44.5123    51.3503    57.5391    62.6193    67.0512    71.1052    74.6644    77.7957    80.6801    83.2675    85.5057    87.4419    88.9821    90.3128    91.2427    91.9603    92.616    93.2072    93.7656    94.2521    94.7121    95.1685    95.4625    95.7681    95.9151    95.9728    96.0599    96.078    96.0524    96.0616    96.0636    96.0401    96.0575    96.0529    
11.2257    15.0556    20.0285    25.8861    32.7055    40.0609    47.3281    53.8579    59.6455    64.5352    68.8004    72.5016    75.9908    78.9937    81.7273    84.1673    86.3397    88.1081    89.5209    90.6217    91.5623    92.2837    92.9112    93.3755    93.9576    94.4529    94.9327    95.3505    95.6016    95.7979    95.9188    95.9399    96.0211    96.0357    96.0331    96.0713    96.0245    96.0811    96.0917    96.0163    
12.5504    16.8904    22.2477    28.5493    35.592    43.0225    50.072    56.2113    61.6872    66.2075    70.2173    73.8392    77.1549    80.1479    82.7727    85.0939    87.0485    88.6808    90.0059    91.0901    91.8483    92.5123    93.0719    93.6445    94.1743    94.6293    95.0735    95.4324    95.6805    95.8603    95.9487    95.9941    96.0653    96.0816    96.0623    96.084    96.0257    96.0595    96.0619    96.0241    
14.1888    18.8815    24.652    31.2557    38.5368    45.85    52.7571    58.5512    63.5361    67.9696    71.7975    75.2448    78.4496    81.24    83.7179    85.918    87.7725    89.3152    90.4803    91.4052    92.084    92.7209    93.2805    93.858    94.3571    94.8263    95.2169    95.5636    95.7619    95.9205    95.9629    96.0528    96.044    96.0613    96.0919    96.0648    96.0856    96.0705    96.0395    96.1161    
15.9608    21.0741    27.2716    34.2753    41.4647    48.6012    55.1229    60.5319    65.3663    69.4693    73.2072    76.5492    79.6017    82.3112    84.6592    86.6572    88.5341    89.8476    90.8535    91.6925    92.3445    92.9561    93.4931    94.1328    94.5415    94.9817    95.3833    95.6513    95.8224    95.9536    96.0169    96.0312    96.0599    96.0535    96.0563    96.0379    96.0765    96.0643    96.0863    96.054    
17.8513    23.4177    29.9431    37.0767    44.3792    51.3247    57.4679    62.5717    67.1264    71.0003    74.5373    77.8284    80.6951    83.3012    85.5145    87.4237    88.9524    90.2681    91.2499    92.0232    92.6359    93.2332    93.804    94.2603    94.7068    95.1377    95.4537    95.7032    95.8863    95.9537    95.9948    96.0727    96.0872    96.0205    96.0297    96.034    96.0468    96.06    96.0504    96.0897    
20.0377    25.8564    32.7172    40.112    47.2497    53.9244    59.5687    64.4819    68.7047    72.4799    75.9504    78.9147    81.7195    84.2252    86.3363    88.0829    89.5359    90.6739    91.6113    92.2749    92.9037    93.4068    93.9383    94.4125    94.8836    95.3231    95.6175    95.8035    95.9473    95.9916    96.0661    96.0792    96.0423    96.0759    96.1201    96.1053    96.0567    96.0419    96.0608    96.0431    
22.2324    28.5827    35.6024    43.0367    50.0048    56.2999    61.5324    66.2153    70.272    73.9293    77.2308    80.2061    82.6869    85.2324    87.0736    88.7109    90.0449    91.0496    91.8653    92.4732    93.1295    93.6707    94.1123    94.6371    95.0529    95.3933    95.6873    95.8799    95.9767    96.0253    96.0272    96.0629    96.0983    96.0212    96.0803    96.0307    96.0632    96.0592    96.0539    96.0463    
24.672    31.2395    38.5104    45.8871    52.6575    58.4731    63.6172    67.8147    71.7269    75.3404    78.4256    81.2396    83.7556    85.9233    87.796    89.322    90.4531    91.4361    92.1089    92.734    93.2568    93.8425    94.3871    94.7905    95.2409    95.4995    95.7453    95.8713    96.0283    96.0564    96.0696    96.0556    96.0793    96.0767    96.0936    96.0669    96.0673    96.0756    96.0389    96.0845    
27.1844    34.1371    41.4799    48.6897    55.1635    60.624    65.4125    69.5137    73.2187    76.6035    79.6137    82.2477    84.6512    86.7619    88.4268    89.8093    90.8804    91.7192    92.4296    92.986    93.5411    94.0368    94.5703    95.0569    95.2941    95.6172    95.8317    95.9269    96    95.972    96.1003    96.0604    96.0432    96.0697    96.1052    96.0331    96.0547    96.0277    96.1025    96.0717    
29.9053    37.0249    44.5311    51.47    57.4501    62.6291    67.0499    71.0179    74.6636    77.7232    80.6596    83.2764    85.5213    87.4779    88.9339    90.2521    91.2579    92.0105    92.6349    93.2253    93.7276    94.2901    94.6937    95.1367    95.4715    95.7867    95.894    95.9725    96.0247    96.0647    96.0223    96.0467    96.0911    96.0851    96.0724    96.0369    96.0427    96.0425    96.062    96.0989    
32.7343    40.0204    47.2125    53.8787    59.6657    64.5048    68.7408    72.5527    75.8663    79.0232    81.7031    84.1023    86.3347    88.0308    89.5036    90.688    91.57    92.2821    92.84    93.3811    93.9232    94.4423    94.9377    95.2491    95.5956    95.7923    95.9056    96.0099    96.0447    96.048    96.0605    96.0627    96.0797    96.0471    96.0739    96.0881    96.0789    96.0655    96.0879    96.0888    
35.6619    43.0123    49.9429    56.3801    61.5065    66.3133    70.2625    74.0277    77.1552    80.1725    82.8516    85.1669    87.0735    88.6705    90.0473    91.0751    91.8839    92.5501    93.0944    93.6361    94.1631    94.6268    95.1217    95.4428    95.6967    95.852    95.9499    96.0288    96.0651    96.0488    96.0679    96.0797    96.0921    96.0609    96.114    96.0749    96.0127    96.0373    96.0123    96.0627    
38.5728    45.806    52.6571    58.5488    63.6012    67.9381    71.7876    75.2416    78.3785    81.2348    83.7888    85.8724    87.7003    89.3044    90.4461    91.4541    92.1327    92.7549    93.3117    93.8996    94.3863    94.7933    95.2331    95.5445    95.7741    95.8913    95.9757    96.0265    96.0895    96.0684    96.0623    96.0801    96.0461    96.0445    96.034    96.0721    96.0532    96.0607    96.0909    96.0487    
41.5111    48.6931    55.1024    60.6799    65.3004    69.5624    73.2437    76.6119    79.4908    82.2957    84.6683    86.7195    88.4603    89.776    90.9127    91.7252    92.3344    92.9843    93.5048    94.0548    94.5993    95.0336    95.3656    95.6295    95.814    95.9619    96.0056    96.0493    96.0817    96.0768    96.0789    96.0605    96.0503    96.0288    96.0764    96.0708    96.0813    96.0593    96.0791    96.0539    
44.4788    51.2939    57.4023    62.5967    67.1321    71.0432    74.5023    77.8593    80.7209    83.2472    85.4615    87.4296    88.98    90.2427    91.2619    92.01    92.5992    93.2133    93.7217    94.2673    94.7292    95.1263    95.4823    95.7445    95.8993    96.0199    96.0448    96.0973    96.0319    96.0599    96.0785    96.06    96.0451    96.0737    96.0428    96.0384    96.0561    96.1017    96.0495    96.0689    
47.2423    53.7393    59.6041    64.5063    68.7741    72.6044    75.9951    78.9439    81.7204    84.1695    86.362    88.1368    89.5671    90.7433    91.5481    92.2245    92.9283    93.4183    93.9777    94.4604    94.9423    95.2999    95.5745    95.7831    95.9003    95.9871    96.0113    96.0616    96.04    96.0199    96.0761    96.098    96.0088    96.0263    96.0477    96.0543    96.0435    96.0597    96.0891    96.0245    
50.0967    56.326    61.7508    66.2187    70.3112    73.9613    77.1716    80.2035    82.7805    85.1191    87.0583    88.7344    90.048    91.0671    91.8525    92.5597    93.0792    93.6896    94.1815    94.6079    95.07    95.4241    95.6557    95.8544    96.0012    96.0317    96.0856    96.0191    96.0824    96.0792    96.0491    96.0532    96.1249    96.0973    96.0419    96.072    96.0535    96.0516    96.0485    96.116    
