54.4
53.7
50.4
52.5
52.6
47.4
46.1
48.8
45.7
48.7
49.2
49.7
50.8
53.4
52.8
56.1
59.6
61.2
61.2
64.7
68.2
71
75.5
75.2
76.4
76.8
76.4
79.6
79.4
81.3
81.8
82.6
82.6
82.5
85
82.8
85.6
81.9
84.7
85.3
84.5
84.2
85.1
85.3
82.3
83
82.3
82.8
86
81.6
83.1
84.3
82.8
81.6
81.7
80.8
80.9
80.8
80.5
81
78.5
79.5
78.8
80.6
76.6
77.9
79.8
78.3
77.9
76.1
78.5
78.6
76.4
78.3
75.9
76.3
78.3
78.5
77.6
78.6
79.1
74.3
76.9
75.8
78.5
78.4
79
78
77.9
77.9
80.4
80.2
81.2
80.9
80.6
83.5
82.4
81.5
84
81.9
83.6
83.3
84.9
85.3
83.3
84.1
84.9
85.4
86.6
87
84.9
82.9
84.9
84.8
84.9
86.4
86.8
86.7
87.1
87.5
86.5
86.5
89.5
89.5
88
88.1
87.9
89.6
88.8
90.1
89.6
88.4
86.3
89
90.7
88.4
89.7
89.2
90.8
91.9
90.7
90.9
88.7
92
89.6
91
90.3
91
89.6
90.6
90.8
90.6
91.5
90.3
90.1
91.7
92.4
91.7
92.4
91.1
91.2
90
93.5
91.2
92.4
91.7
90.5
92.4
91.4
91.4
90.9
91.9
91.2
93
93
92.2
90.7
92.5
90.8
92.4
91.7
93.9
92.9
92.3
92.8
91.3
92
92.3
91.9
92.8
91
92.2
92.3
92.5
94.3
93.8
92.5
94.1
93
93
94
92.6
94
92.7
92.1
93.3
93.2
93.9
92.6
91.4
93.7
93.3
92.3
93.8
93.1
95.8
94.5
95.4
92.5
93.9
94.4
