0.278267    0.3972    0.554133    0.764    1.0332    1.3976    1.91507    2.57307    3.3768    4.4424    5.60427    6.88427    8.11533    9.29147    9.97    10.1504    9.8188    9.00773    7.92933    6.70493    5.59227    4.58027    3.71373    2.96987    2.3948    1.8988    1.51707    1.214    0.979467    0.755733    0.608133    0.4664    0.359067    0.275733    0.2008    0.147467    0.1016    0.0768    0.0512    0.0414667    
0.3184    0.4536    0.633867    0.860667    1.18707    1.60987    2.18147    2.94013    3.8392    5.02453    6.356    7.71093    9.0012    10.1383    10.822    10.8057    10.3079    9.32693    8.15013    6.89133    5.7144    4.69707    3.75507    3.02387    2.41813    1.916    1.54813    1.24853    0.976667    0.785333    0.599733    0.473733    0.3628    0.282667    0.2004    0.1532    0.108    0.0838667    0.0624    0.0449333    
0.383467    0.5324    0.7188    0.995867    1.34027    1.83227    2.47067    3.31667    4.37787    5.62853    7.08547    8.55427    9.9212    11.0336    11.5055    11.4092    10.7672    9.76413    8.36333    7.09613    5.81613    4.78027    3.84067    3.10747    2.47013    1.93547    1.59533    1.24907    1.004    0.8036    0.622133    0.489867    0.368267    0.268267    0.205333    0.156    0.106267    0.0774667    0.0598667    0.0446667    
0.419867    0.5868    0.839733    1.1232    1.5384    2.11907    2.804    3.79    4.92    6.31213    7.9272    9.49613    10.9247    11.9605    12.3705    12.0151    11.2333    10.0748    8.68013    7.2768    6.03253    4.894    3.91627    3.16653    2.52573    2.00467    1.59387    1.27613    1.01453    0.806533    0.651867    0.5    0.375733    0.2824    0.208667    0.153067    0.116267    0.0821333    0.0564    0.0410667    
0.4932    0.696133    0.931333    1.30907    1.75867    2.38693    3.23467    4.29493    5.56253    7.12267    8.79267    10.4951    11.8997    12.7929    12.9983    12.6236    11.6693    10.3644    8.906    7.38947    6.1072    4.96667    4.00813    3.21773    2.57707    2.044    1.63013    1.314    1.0336    0.8216    0.655867    0.504    0.376    0.280933    0.220267    0.155333    0.110267    0.0845333    0.0582667    0.0488    
0.564667    0.7824    1.0596    1.47853    2.00587    2.76333    3.638    4.84707    6.2604    8.00267    9.8088    11.5589    12.9676    13.7515    13.7516    13.182    12.0379    10.644    9.13133    7.64107    6.2788    5.0764    4.07627    3.25    2.61827    2.10547    1.6516    1.33813    1.05747    0.831867    0.647333    0.5084    0.384933    0.295733    0.213867    0.154267    0.114933    0.0882667    0.0550667    0.0432    
0.6476    0.906933    1.22267    1.66573    2.29453    3.086    4.16253    5.476    7.0784    8.88307    10.8184    12.5565    14.0076    14.6533    14.5203    13.7163    12.4991    11.0069    9.39653    7.8424    6.45453    5.2308    4.1856    3.342    2.63293    2.09013    1.68173    1.3268    1.0684    0.828    0.669733    0.5052    0.4012    0.288267    0.2196    0.1484    0.106667    0.0829333    0.0550667    0.0428    
0.749867    1.03933    1.4084    1.94307    2.628    3.51893    4.724    6.1884    7.9324    9.95347    11.8883    13.718    14.9461    15.5059    15.2053    14.256    12.8652    11.1863    9.58907    7.9764    6.47053    5.27547    4.254    3.38613    2.6784    2.12053    1.7148    1.3548    1.07493    0.8616    0.659733    0.512533    0.397867    0.307067    0.2172    0.156933    0.120267    0.0789333    0.0565333    0.048    
0.848933    1.16907    1.62293    2.2052    3.0124    4.01107    5.34653    6.9716    8.8796    10.9857    13.1305    14.7997    15.9715    16.3196    15.7964    14.7615    13.2045    11.5421    9.85893    8.11747    6.67413    5.33947    4.30413    3.41307    2.72187    2.1556    1.70613    1.39333    1.10467    0.8664    0.682267    0.5096    0.402267    0.296933    0.213733    0.163733    0.116533    0.0817333    0.0573333    0.0445333    
0.9596    1.3316    1.84573    2.51387    3.36107    4.54733    6.0392    7.77227    9.94253    12.1139    14.2875    16.0083    16.9601    16.9952    16.4609    15.1567    13.546    11.8396    10.042    8.33093    6.80747    5.4184    4.34773    3.48533    2.7624    2.2084    1.7428    1.40093    1.1012    0.904267    0.689067    0.539867    0.396667    0.296933    0.210533    0.1612    0.110667    0.0797333    0.0556    0.0441333    
1.1168    1.5292    2.1268    2.84107    3.86813    5.16747    6.77933    8.78267    10.9857    13.2924    15.4215    17.0325    17.874    17.8687    16.9475    15.6447    13.9437    12.1687    10.2803    8.53827    6.94053    5.53093    4.41973    3.54667    2.80747    2.2212    1.7636    1.43947    1.1468    0.886533    0.6976    0.529867    0.406    0.291867    0.2156    0.1712    0.1124    0.0789333    0.062    0.0430667    
1.25907    1.75253    2.37653    3.26467    4.3808    5.8944    7.64227    9.76347    12.1013    14.5507    16.7555    18.0843    18.8239    18.5272    17.5563    16.0969    14.2892    12.3769    10.3828    8.59587    7.04947    5.62133    4.4768    3.5728    2.85907    2.26907    1.8004    1.4248    1.1604    0.9076    0.708267    0.534667    0.403333    0.301467    0.218267    0.152267    0.1148    0.0805333    0.0618667    0.0404    
1.43253    2.00293    2.73093    3.74493    5.02333    6.5728    8.61693    10.8967    13.4515    15.8155    17.8693    19.232    19.5999    19.2336    18.1025    16.4923    14.6712    12.6064    10.6069    8.88947    7.17307    5.7492    4.51773    3.61613    2.8892    2.29053    1.83907    1.4508    1.1876    0.917067    0.7112    0.537067    0.402933    0.311067    0.219867    0.158667    0.112267    0.0822667    0.0545333    0.0398667    
1.6784    2.2744    3.1636    4.19253    5.6088    7.416    9.62933    12.108    14.6473    17.1215    19.1021    20.2797    20.4588    19.8684    18.5619    16.8935    14.8971    12.9211    10.894    8.96307    7.30587    5.84627    4.67    3.7048    2.95587    2.3156    1.86587    1.48933    1.16987    0.9372    0.722933    0.544933    0.4032    0.304267    0.217867    0.1528    0.1064    0.0776    0.0629333    0.0429333    
1.8908    2.60987    3.59213    4.84787    6.41907    8.36187    10.6392    13.2775    15.9796    18.3956    20.2605    21.1413    21.1961    20.4917    19.1295    17.3245    15.3204    13.1219    11.0648    9.12573    7.4156    5.92107    4.7468    3.7696    2.97413    2.37093    1.91133    1.52773    1.19853    0.943333    0.727067    0.556133    0.405067    0.300133    0.217467    0.1592    0.1108    0.0816    0.0642667    0.0413333    
2.17667    2.98027    4.03253    5.41067    7.2116    9.39173    11.908    14.6367    17.3216    19.7636    21.3387    22.0207    21.9905    21.0825    19.746    17.7484    15.6568    13.4968    11.2756    9.26853    7.52933    6.0416    4.75227    3.82547    3.06053    2.396    1.9172    1.54173    1.20453    0.954533    0.7256    0.563733    0.412133    0.310667    0.2292    0.16    0.117333    0.0817333    0.0557333    0.0408    
2.46173    3.38053    4.5924    6.12853    8.10373    10.4445    13.1188    15.9829    18.654    20.9284    22.4567    22.9103    22.6757    21.6568    20.0921    18.1267    15.9524    13.6799    11.4813    9.45747    7.612    6.07627    4.91787    3.88653    3.03947    2.44333    1.95813    1.5508    1.22547    0.9492    0.753333    0.551333    0.4304    0.302267    0.217733    0.164267    0.113333    0.0794667    0.0566667    0.0390667    
2.8144    3.88213    5.2224    6.97067    9.06027    11.6291    14.4276    17.4016    20.0763    22.1815    23.4525    23.8267    23.2971    22.2188    20.5565    18.4917    16.35    13.9487    11.6104    9.59453    7.7544    6.1996    4.9568    3.90507    3.12227    2.504    1.98213    1.5656    1.2484    0.963867    0.740533    0.5612    0.419867    0.2912    0.222667    0.153733    0.105067    0.0776    0.0574667    0.046    
3.2384    4.40693    5.9048    7.8144    10.122    12.8739    15.7805    18.8309    21.376    23.2811    24.4333    24.5669    24.0952    22.722    21.0835    18.8911    16.5396    14.2417    11.8164    9.72013    7.8788    6.3072    5.02347    4.01107    3.1932    2.502    2.00693    1.59347    1.2432    0.975733    0.737733    0.577067    0.4156    0.302533    0.2192    0.159867    0.112533    0.0808    0.0634667    0.0432    
3.72227    4.95573    6.68533    8.79453    11.3273    14.2247    17.2881    20.2324    22.7384    24.4805    25.2977    25.3419    24.6712    23.4393    21.4423    19.2748    16.9283    14.4995    12.0101    9.9048    7.99693    6.3732    5.10013    4.07547    3.2268    2.55227    2.0288    1.60773    1.26453    0.968933    0.7516    0.5732    0.417333    0.310933    0.223467    0.1676    0.110667    0.082    0.0562667    0.0436    
4.1764    5.66733    7.54173    9.82053    12.5227    15.6715    18.6243    21.6164    23.9837    25.5268    26.1625    26.06    25.2724    23.8821    21.9048    19.6204    17.1019    14.7184    12.2291    10.0556    8.1484    6.50267    5.17707    4.07853    3.2708    2.59813    2.05307    1.61973    1.27333    0.9844    0.750933    0.5792    0.415733    0.3136    0.2268    0.160933    0.113467    0.0828    0.0566667    0.0374667    
4.78187    6.37213    8.4572    11.0031    13.882    17.0299    20.2484    23.0092    25.0916    26.5537    27.0977    26.8343    25.9237    24.3676    22.3331    19.9549    17.4931    14.91    12.4573    10.2772    8.28573    6.59227    5.26267    4.16507    3.29147    2.6072    2.07    1.62813    1.29333    0.9904    0.7548    0.556533    0.427067    0.3088    0.2248    0.154    0.116533    0.0834667    0.0613333    0.0392    
5.37627    7.21947    9.47853    12.1461    15.3231    18.5592    21.6647    24.3943    26.3177    27.4403    27.8803    27.5663    26.5275    24.8841    22.7433    20.2688    17.7649    15.1757    12.6707    10.3168    8.41267    6.69027    5.33307    4.23773    3.39787    2.6796    2.0984    1.6456    1.3108    0.982267    0.753467    0.568267    0.423333    0.3028    0.223333    0.1728    0.114667    0.0846667    0.0557333    0.0481333    
6.16267    8.11853    10.6132    13.5052    16.7361    20.0507    23.1356    25.6857    27.3407    28.4096    28.7072    28.2503    27.1221    25.3148    23.2613    20.6345    17.9788    15.324    12.8484    10.5859    8.4688    6.80973    5.4344    4.29733    3.42493    2.68827    2.12267    1.66253    1.31787    1.0084    0.7456    0.559467    0.426533    0.308933    0.221867    0.157067    0.117733    0.0873333    0.0602667    0.0458667    
6.89613    9.148    11.7839    14.8861    18.2717    21.5413    24.5471    26.8437    28.4821    29.2487    29.4527    28.8543    27.6731    25.8643    23.7269    21.0581    18.3437    15.6168    13.0075    10.6532    8.63213    6.892    5.5352    4.33467    3.46387    2.72467    2.13467    1.67373    1.2872    1.02147    0.763733    0.572667    0.4204    0.304667    0.225333    0.161067    0.118667    0.0869333    0.0602667    0.046    
7.7776    10.2096    13.1573    16.3359    19.8453    23.0051    25.9717    28.0083    29.3616    30.148    30.1219    29.4987    28.2651    26.3999    24.0051    21.368    18.602    15.7671    13.2751    10.8308    8.79147    7.05387    5.6332    4.4388    3.49867    2.73733    2.15533    1.73053    1.312    1.0144    0.761733    0.574267    0.424533    0.316    0.229867    0.161467    0.113333    0.0812    0.0626667    0.0444    
8.77853    11.4537    14.5832    18.0216    21.3681    24.5689    27.2799    29.03    30.3459    30.8305    30.8588    30.1751    28.8147    27.0249    24.4791    21.7655    18.8989    16.0825    13.4264    11.0859    8.85413    7.09173    5.72347    4.4712    3.52987    2.78773    2.20787    1.69427    1.30573    1.00747    0.756267    0.564267    0.43    0.3116    0.225733    0.166133    0.1048    0.0776    0.0625333    0.0386667    
9.81187    12.7383    16.0117    19.4684    22.8945    26.0508    28.4723    30.1213    31.1567    31.794    31.4771    30.8516    29.3927    27.2953    24.872    22.1053    19.2612    16.336    13.6183    11.2085    9.06307    7.26667    5.7432    4.56693    3.5664    2.80547    2.18493    1.68827    1.3244    1.00227    0.779867    0.575867    0.430533    0.309867    0.2292    0.157867    0.120133    0.0905333    0.0610667    0.0405333    
11.0484    14.0241    17.6372    21.1387    24.5048    27.4681    29.6367    31.1751    32.2069    32.5635    32.3601    31.4248    29.8588    27.7921    25.2671    22.4773    19.5296    16.5735    13.8613    11.2893    9.15227    7.29213    5.81933    4.57987    3.60453    2.81147    2.21693    1.708    1.31227    1.02707    0.767333    0.573867    0.424267    0.3244    0.2388    0.166667    0.122133    0.0797333    0.0601333    0.0432    
12.3163    15.6244    19.1213    22.7565    26.0497    28.7469    30.6808    32.0648    32.9935    33.3529    33.0203    32.0643    30.4196    28.4127    25.7507    22.7973    19.7872    16.8055    14.0244    11.5895    9.3244    7.46227    5.87933    4.6756    3.686    2.85507    2.2504    1.73613    1.33707    1.02107    0.772    0.585067    0.421467    0.309733    0.2384    0.174667    0.1224    0.0850667    0.0601333    0.0429333    
13.7247    17.1273    20.7787    24.3517    27.5124    30.0121    31.9419    33.0495    33.8079    34.1685    33.6868    32.6496    30.9947    28.8372    26.0432    23.0844    20.1235    17.1403    14.2193    11.7213    9.4308    7.56493    5.92613    4.69947    3.6932    2.86573    2.24627    1.7056    1.3208    1.0204    0.767067    0.570133    0.430667    0.310667    0.231333    0.162667    0.112    0.0824    0.0622667    0.0393333    
15.0653    18.6259    22.4165    25.9329    28.8916    31.1659    32.8976    34.04    34.7025    34.8796    34.3772    33.18    31.4749    29.1648    26.56    23.4655    20.3427    17.314    14.4299    11.8512    9.624    7.6716    6.05293    4.77173    3.666    2.91707    2.2468    1.744    1.3476    1.03173    0.7664    0.577867    0.434133    0.304    0.227467    0.169333    0.119333    0.0861333    0.0593333    0.0418667    
16.6919    20.3429    24.1273    27.41    30.2388    32.3385    33.8952    34.9321    35.4581    35.5532    34.9843    33.8316    31.9489    29.6855    26.9332    23.7583    20.6525    17.5999    14.7016    11.9687    9.72267    7.74667    6.0476    4.75933    3.71827    2.896    2.25547    1.75853    1.33093    1.03213    0.774    0.5808    0.4276    0.318933    0.237467    0.159867    0.1164    0.0854667    0.0608    0.0413333    
18.2868    22.1064    25.6955    28.8528    31.4757    33.4356    34.8341    35.9623    36.2791    36.3757    35.6337    34.3817    32.5437    29.9329    27.1799    24.2409    20.9649    17.8257    14.8755    12.1915    9.88213    7.82747    6.1404    4.79613    3.7392    2.91067    2.2544    1.732    1.33387    1.01653    0.759867    0.576    0.434533    0.322267    0.2304    0.164533    0.115067    0.086    0.0610667    0.0450667    
19.9268    23.8309    27.2521    30.3387    32.6552    34.512    35.7668    36.6945    37.1153    36.8933    36.3623    35.03    33.0817    30.4904    27.676    24.4993    21.272    18.2031    15.1441    12.3475    10.0552    7.88267    6.26307    4.852    3.77387    2.98213    2.23853    1.71893    1.354    1.0204    0.773867    0.586    0.427867    0.318533    0.2352    0.162267    0.123467    0.0838667    0.0604    0.0410667    
21.7016    25.4376    28.7544    31.6651    33.8356    35.4851    36.7033    37.4713    37.8975    37.7299    36.8337    35.5997    33.5057    31.0276    28.0132    24.8391    21.6049    18.448    15.2689    12.5419    10.1129    8.00227    6.242    4.90973    3.81987    2.94413    2.23933    1.75253    1.34627    1.02213    0.793867    0.574133    0.4296    0.3268    0.224933    0.160133    0.118533    0.0853333    0.0553333    0.0429333    
23.4623    27.2652    30.2853    33.0185    34.8689    36.5621    37.614    38.3977    38.5163    38.4863    37.6185    36.1025    33.9892    31.5121    28.49    25.182    21.9468    18.6357    15.5568    12.7115    10.14    8.05827    6.30373    4.92173    3.78307    2.924    2.26453    1.75133    1.33413    1.04547    0.782267    0.6056    0.423067    0.325733    0.224667    0.163867    0.121067    0.0848    0.0604    0.0433333    
25.1736    28.8205    31.7933    34.2491    36.0976    37.556    38.5772    39.1796    39.412    39.1008    38.1989    36.6791    34.5768    31.9073    28.8065    25.5861    22.2481    18.8224    15.7709    12.862    10.2773    8.12507    6.36427    4.95427    3.81107    2.96867    2.30187    1.78173    1.33547    1.02307    0.775733    0.574133    0.434267    0.3108    0.2344    0.1672    0.1156    0.0798667    0.0589333    0.0446667    
26.8689    30.2949    33.1551    35.4156    37.1852    38.5943    39.566    40.0035    40.1797    39.8549    38.8087    37.3025    35.0187    32.3833    29.2385    25.9085    22.5461    19.1468    15.9892    13.0208    10.4344    8.2176    6.4072    4.9512    3.85547    2.93933    2.2668    1.754    1.34667    1.04267    0.788133    0.595867    0.434267    0.322933    0.229867    0.165733    0.126267    0.0848    0.058    0.0448    
28.6905    31.8324    34.5957    36.6511    38.2379    39.6079    40.3757    40.9609    40.9232    40.4845    39.4811    37.8491    35.5979    32.9051    29.6643    26.3147    22.8499    19.4156    16.1277    13.1196    10.4877    8.22733    6.43507    5.01133    3.828    2.96573    2.27093    1.7724    1.36373    1.03267    0.7812    0.594133    0.446    0.320267    0.239333    0.165067    0.114133    0.0884    0.062    0.0497333    
