98.0994
98.5623
97.1684
96.2559
97.9032
96.5928
96.9543
95.2224
95.8264
98.3687
96.9305
95.8665
97.3643
97.2973
97.6994
96.8134
98.2609
98.3918
97.832
97.5098
98.6631
99.2347
98.2143
98.0149
99.6203
99.6255
98.5366
99.1566
98.9078
99.6368
99.1879
99.5255
99.1677
99.8801
99.7658
99.4172
99.4026
99.6487
99.536
99.8814
99.7661
100
99.6508
99.8829
100
99.7666
99.8826
99.7639
99.7636
99.8841
99.4138
100
100
99.8785
100
99.88
100
99.7639
99.6328
99.8801
99.6399
100
100
99.8786
100
99.8765
100
99.8728
100
99.877
99.6346
99.7452
100
99.8767
100
99.6273
99.8745
99.8771
99.7522
99.7452
100
100
99.8761
99.8785
99.8767
99.7503
100
99.7506
99.8791
99.7534
100
99.7599
99.6394
99.8802
99.7628
99.88
100
100
99.7639
99.7628
99.8829
100
100
99.8839
100
99.8829
99.8857
99.886
99.8815
99.8828
99.8804
100
100
100
100
99.883
99.7664
100
100
100
100
99.8881
100
100
100
99.8873
100
100
99.8873
100
100
100
99.887
100
100
100
100
100
99.8881
100
100
100
100
100
100
100
100
100
100
100
100
99.8878
100
100
100
100
100
100
100
100
100
100
100
100
99.8885
99.7778
100
100
100
100
99.8874
100
99.8867
100
100
100
99.7727
100
100
100
100
99.8881
100
100
100
100
99.8876
100
100
99.8884
100
100
99.89
100
100
100
100
100
100
100
100
100
100
100
100
100
100
99.8874
100
100
100
100
100
100
100
99.8913
100
100
99.8891
100
100
