1.68667
1.74
2.24
2.18
1.71333
2.1
1.96
2.44
2.07333
1.88
2.54
3.10667
3.12
3.64667
3.57333
3.88667
4.24667
4.04667
4.66
5.22667
5.80667
6.35333
6.09333
6.79333
7.40667
7.20667
8.59333
8.49333
9.08
9.70667
10.32
11.0733
11.5333
11.8867
12.8933
13.3533
14.3667
15.22
15.3467
16.1267
16.46
17.5267
17.68
18.86
19.1
19.94
20.6533
21.62
21.76
22.7133
22.7667
23.94
24.1
24.36
25.12
25.6067
26.22
26.7267
27.72
26.92
27.32
28.5667
28.6267
28.4
29.4867
29.1467
29.6267
29.62
30.0133
30.7133
30.98
30.7267
30.9533
30.64
31.1
30.7067
30.7067
31.8533
32.06
31.5533
31.1467
32.06
31.5067
31.76
31.1133
32.42
32.2333
32.5467
33.18
31.58
32.2667
32.3267
32.5267
31.7267
32.56
31.7533
32.1933
32.32
31.7267
31.78
31.6467
31.9667
32.4733
32.38
32.26
32.0333
31.76
32.12
31.7667
32.0533
32
31.5067
32.2067
32.26
32.1467
32.1067
32.48
32.44
31.7867
32.0267
31.9533
31.7333
32.1867
31.8067
32.1533
30.7667
31.66
30.6667
30.76
29.8
29.9
29.5733
28.74
28.4067
27.5667
26.6133
25.3533
25.3333
23.0333
21.4133
19.9467
19.5067
17.8733
15.0867
14.2533
12.84
11.92
10.2067
8.78
7.50667
6.16
5.68667
4.82
3.36667
3.58
2.68667
2.22
1.64
1.51333
1.13333
1.10667
0.7
0.113333
0.46
0.1
0.0266667
0.133333
0.153333
0.0333333
0.0733333
0.18
