94.8
95.6
96.5
96
96.1
94.9
95.6
96.4
96.4
96
96.1
96.5
96.4
96.3
96.5
96.2
95.5
96.9
96
96.9
95.4
96.4
96.4
95.3
95
95.8
95.6
96
94.8
96.3
95.8
95.9
96.4
96.8
97
96.2
96.5
96
95.7
96.1
96.3
95.6
96.3
96
96.3
96.3
95.4
96.5
96.1
95.9
96.4
96.1
96.2
97
96.4
96.2
95.9
96.9
97
96.4
96.7
95.7
95.9
96.4
97.1
96.3
96
96.3
95.6
96.6
96.2
96.2
97.1
96.8
96
95.4
96.2
94.9
94.6
96
93.9
96.2
96.3
95.8
95.2
95.6
95.2
97.4
95.9
95.7
96.6
96.2
97.1
97.2
96.5
96.1
95.6
95.3
95.1
96.2
96.5
96.7
95.9
95.8
97.2
96.4
96.1
94.7
95.9
95.1
95.4
95.8
96.7
96.3
94.5
96.1
96.2
96.2
95.7
96.4
96.9
95.5
95.4
96
96
96.2
96.8
96.2
96.3
96
95.7
97
96.3
96
96.4
96.3
96.3
95.6
95.9
96.3
96.1
95.7
96.2
97.5
96.3
95.5
97
96.1
96.2
95.9
96.5
96.4
96.6
96.1
96.9
96.1
96.3
94.7
95.7
96.8
95.8
96.7
95.4
96.7
95.7
96
95.1
95.8
96.5
95.8
96.6
95
96.4
96.3
95
94.8
96
96.5
96.1
95.2
96.3
96.1
96.1
95.7
96.3
94.8
96.3
94.1
96.5
95.5
96.5
96.2
96
96.3
96.1
95
96.2
95.8
96.9
96
94.7
95.2
95.8
96.8
96.3
95.3
95.9
96.5
95.8
94.6
95.6
96.7
96.5
97.4
95.7
95.7
96.6
95.1
96.2
96.4
96
