54.2642    53.3871    53.5153    52.1715    50.2497    49.1328    47.514    46.1498    44.0935    42.203    39.453    36.409    33.0115    29.6871    25.8913    22.1156    18.6081    15.3733    12.4529    9.86257    7.79222    6.07774    4.734    3.65695    2.86145    2.21093    1.72722    1.35911    1.08316    0.827061    0.66003    0.502759    0.384745    0.293709    0.212699    0.155537    0.106703    0.0803682    0.0534719    0.0432537    
53.8201    53.0733    53.064    50.8068    50.8568    49.1232    47.9921    46.3432    44.1193    42.3012    39.7488    36.4477    33.1394    29.733    26.0508    22.1772    18.6845    15.3724    12.4577    9.92328    7.79178    6.13646    4.72301    3.67825    2.85518    2.21103    1.75084    1.38939    1.07479    0.856187    0.649212    0.509521    0.387933    0.300588    0.211948    0.161255    0.113233    0.087662    0.0651216    0.0468069    
54.377    54.6986    53.0349    51.7566    50.7113    48.9109    47.3925    46.3601    44.3265    42.0626    39.5718    36.4881    33.2097    29.7489    25.936    22.2547    18.7302    15.5957    12.4571    9.99724    7.78867    6.1484    4.76379    3.73086    2.88891    2.21294    1.79229    1.38369    1.09971    0.87282    0.671314    0.52528    0.392963    0.284564    0.216754    0.164017    0.111276    0.0809179    0.0624321    0.0465351    
53.1656    52.8268    53.6183    51.6018    50.6275    49.6346    47.5351    46.3711    44.3291    42.1641    39.6751    36.6216    33.4069    29.8755    26.1301    22.3046    18.8336    15.6124    12.6265    10.0403    7.9479    6.19085    4.78714    3.75757    2.92528    2.27496    1.77982    1.40678    1.10786    0.874163    0.701884    0.535253    0.399955    0.298889    0.219906    0.16065    0.121598    0.0857247    0.0588253    0.0427728    
54.5093    54.6244    52.4399    52.1236    50.1026    48.9059    47.852    46.1305    44.1499    42.1786    39.6726    36.7311    33.4265    29.8246    26.0401    22.4344    18.9238    15.6765    12.6769    10.0081    7.91315    6.20284    4.84263    3.78002    2.95827    2.30356    1.80986    1.44294    1.12497    0.88848    0.704708    0.538245    0.399109    0.296753    0.231764    0.162796    0.11525    0.0882142    0.0607233    0.0507889    
54.1283    53.8497    51.7889    51.5935    50.3582    49.235    47.7495    46.0923    44.2794    42.2902    39.7304    36.9059    33.6108    30.0187    26.1521    22.5234    18.9456    15.6868    12.7176    10.1543    8.00406    6.24838    4.86767    3.78039    2.98256    2.35918    1.82616    1.46521    1.14741    0.896404    0.69369    0.541896    0.408069    0.311895    0.22455    0.161496    0.12003    0.0920495    0.057357    0.0449803    
54.0447    54.0227    52.6014    51.3439    50.3069    49.2929    47.9879    45.9864    44.3605    42.325    39.6511    36.7589    33.7305    30.1359    26.3259    22.6325    19.1185    15.8272    12.8268    10.2412    8.11086    6.35301    4.94439    3.85047    2.97652    2.32857    1.85196    1.44774    1.15591    0.890314    0.716182    0.537068    0.424607    0.303554    0.230284    0.155145    0.111322    0.0864297    0.0573391    0.0445476    
54.7508    53.9708    52.6098    51.7415    50.2934    49.2361    47.7725    46.2857    44.3868    42.4484    39.7344    36.9502    33.6326    30.1851    26.4681    22.7861    19.1826    15.7447    12.8594    10.2487    8.02291    6.33365    4.97492    3.87158    3.00997    2.3499    1.8796    1.47335    1.16082    0.924642    0.703842    0.543801    0.420168    0.322648    0.227409    0.164045    0.12546    0.0822668    0.0588826    0.0499763    
54.9163    53.8277    52.6288    51.5475    50.7639    49.4656    47.9069    46.2619    44.3197    42.3948    40.1218    36.9502    33.7885    30.3123    26.5403    22.8894    19.2069    15.915    13.0041    10.283    8.15917    6.33795    4.98537    3.87448    3.03772    2.37812    1.86276    1.51078    1.18957    0.927323    0.726656    0.539169    0.423751    0.311537    0.223565    0.170949    0.121509    0.0851033    0.0597177    0.046371    
54.2801    53.0433    52.7553    51.8694    50.3043    49.1816    47.7478    46.2052    44.643    42.3987    40.124    37.2463    33.9692    30.2218    26.7058    22.8816    19.2756    16.0244    13.0085    10.3866    8.2238    6.3698    4.99292    3.93126    3.06911    2.4234    1.8972    1.51446    1.18259    0.96506    0.731739    0.570331    0.417396    0.311167    0.220094    0.168191    0.115296    0.083032    0.0578725    0.0459403    
55.2798    53.4038    52.7602    51.4711    50.5207    49.3726    47.8132    46.496    44.5582    42.4875    40.0208    37.219    33.9567    30.4991    26.6958    23.045    19.4331    16.183    13.1205    10.5133    8.28144    6.43895    5.03301    3.97195    3.10454    2.43054    1.91522    1.55246    1.22853    0.944283    0.739287    0.558516    0.426263    0.305491    0.225142    0.178489    0.117093    0.0821935    0.0645633    0.0448285    
54.1177    53.7565    52.4714    51.643    50.344    49.58    48.0613    46.3978    44.5433    42.5768    40.3524    37.1856    34.1436    30.5795    26.8327    23.1425    19.5113    16.1772    13.0542    10.4555    8.33353    6.48316    5.06434    3.97487    3.14765    2.47536    1.94786    1.53257    1.24072    0.964755    0.749039    0.562694    0.422951    0.315477    0.227816    0.15876    0.119603    0.0838519    0.0644171    0.0420457    
53.72    53.6903    52.8281    51.9706    50.8462    49.3518    48.1813    46.5518    44.8675    42.6233    40.2768    37.423    34.1287    30.7181    26.9754    23.2519    19.6713    16.2116    13.1437    10.6714    8.39223    6.57629    5.07776    4.00332    3.16673    2.48918    1.98638    1.5566    1.26689    0.973164    0.750419    0.564483    0.422005    0.325025    0.229367    0.165378    0.116882    0.0856255    0.056764    0.041493    
55.2614    53.5691    52.9455    51.5019    50.5704    49.2985    48.1769    46.7661    44.7403    42.7826    40.466    37.5875    34.292    30.8093    27.0173    23.2991    19.6306    16.3449    13.319    10.6511    8.45935    6.63404    5.21531    4.0875    3.22898    2.50865    2.00864    1.59527    1.24612    0.992628    0.76161    0.571875    0.421744    0.317383    0.227185    0.159128    0.1108    0.0807824    0.0655099    0.0447009    
54.4543    53.5204    53.069    52.1702    50.7329    49.57    48.0071    46.6855    44.9588    42.8328    40.3778    37.5752    34.362    30.9344    27.2204    23.4204    19.8497    16.3795    13.3748    10.722    8.5187    6.67486    5.26997    4.1385    3.23911    2.56299    2.05254    1.63162    1.27359    0.996694    0.764747    0.582783    0.423246    0.312988    0.2266    0.165687    0.115375    0.0849456    0.0668919    0.0430241    
54.513    53.4942    52.5206    51.4955    50.7545    49.4566    48.3588    46.8373    45.0506    43.1197    40.524    37.6938    34.6183    31.0322    27.486    23.5663    19.9698    16.6161    13.4637    10.7874    8.57547    6.76941    5.25269    4.18757    3.3218    2.58279    2.05379    1.6427    1.2771    1.00669    0.761865    0.589923    0.430242    0.323809    0.238716    0.166684    0.122191    0.0850932    0.0580438    0.0424802    
54.2248    53.5708    52.7216    51.7193    50.7231    49.5299    48.3048    46.7474    45.1154    43.0743    40.7798    37.7237    34.6964    31.1755    27.4487    23.6987    20.0266    16.6282    13.56    10.9147    8.60758    6.76147    5.41247    4.23851    3.29068    2.62696    2.09309    1.64884    1.2963    0.999408    0.789672    0.576433    0.449106    0.31499    0.226739    0.17108    0.118024    0.0827325    0.0589861    0.0406574    
54.1995    53.7374    52.9262    52.1965    50.69    49.5686    48.3592    46.8581    45.1263    43.1993    40.8198    38.0047    34.7545    31.2879    27.5431    23.7695    20.2321    16.7501    13.5925    10.9749    8.71148    6.86761    5.43185    4.24461    3.37115    2.68625    2.11442    1.6609    1.31823    1.01318    0.775841    0.586174    0.437888    0.30341    0.231724    0.160075    0.109346    0.0808033    0.0598239    0.0478851    
54.5822    53.7693    53.0155    51.9427    50.763    49.7363    48.3072    46.9659    45.1584    43.2146    41.0066    38.0673    35.0482    31.3283    27.766    23.9337    20.2065    16.9173    13.69    11.0403    8.79808    6.9564    5.48833    4.34573    3.43836    2.67866    2.13516    1.68714    1.31009    1.02406    0.771637    0.602361    0.433087    0.315001    0.228216    0.166339    0.117167    0.0841088    0.0660552    0.0449693    
55.185    53.6536    53.02    51.9538    51.0197    49.7116    48.5745    47.1577    45.5587    43.4295    41.0799    38.2841    35.1227    31.7017    27.7645    24.0302    20.458    17.0476    13.7923    11.1669    8.87572    7.00232    5.54995    4.40639    3.46629    2.72522    2.15475    1.69927    1.32977    1.01539    0.785474    0.597724    0.434906    0.323688    0.232735    0.174517    0.115235    0.0854162    0.0585812    0.0454099    
54.4937    53.978    53.2152    52.013    50.8525    49.928    48.437    47.1942    45.5814    43.6011    41.1219    38.4007    35.2045    31.7394    27.9334    24.138    20.4198    17.1303    13.9381    11.2567    9.0028    7.11668    5.61988    4.39691    3.50428    2.76766    2.17645    1.70848    1.3372    1.03015    0.784068    0.603943    0.432925    0.326603    0.236195    0.167589    0.118099    0.0861894    0.0589852    0.0389917    
54.8925    53.8035    52.9356    52.0627    50.9222    49.9941    48.7921    47.3208    45.56    43.8178    41.4553    38.5393    35.4156    31.7779    28.0477    24.2561    20.6624    17.1931    14.0913    11.4441    9.11347    7.18911    5.6981    4.47964    3.52018    2.77164    2.19016    1.71498    1.35655    1.03566    0.78761    0.579991    0.444591    0.321535    0.233977    0.160324    0.121331    0.086883    0.0638438    0.040807    
54.5999    54.2643    53.2215    52.0799    51.1574    50.041    48.6712    47.5056    45.7389    43.8208    41.5806    38.7683    35.5289    31.9865    28.1895    24.3418    20.7763    17.3552    14.2396    11.4234    9.2201    7.27517    5.75826    4.54657    3.62379    2.84301    2.21556    1.72914    1.3731    1.02567    0.785556    0.592112    0.440697    0.315161    0.232512    0.179885    0.119365    0.0881576    0.0580208    0.0501113    
54.8977    53.9237    52.9904    52.1716    51.1723    50.0504    48.8834    47.6917    45.8386    44.0219    41.7253    38.965    35.6913    32.0466    28.4621    24.5161    20.8233    17.3923    14.3524    11.6814    9.24922    7.37913    5.84903    4.60221    3.64519    2.84614    2.23597    1.7436    1.3785    1.05263    0.777324    0.583143    0.444208    0.321686    0.231032    0.16349    0.122608    0.0908955    0.0627178    0.0477697    
54.9475    54.1609    52.9666    52.1418    51.3366    50.0699    49.0235    47.755    46.1719    44.1773    41.945    39.0772    35.8669    32.2707    28.6652    24.7469    21.073    17.6101    14.4518    11.6952    9.39825    7.44982    5.94723    4.62885    3.67815    2.8793    2.24528    1.75384    1.34531    1.06558    0.795981    0.596564    0.437619    0.317092    0.23457    0.167631    0.123578    0.0904995    0.0627373    0.0479046    
54.8151    54.0721    53.3723    52.2652    51.4971    50.1746    49.2289    47.8355    46.2124    44.3551    41.9539    39.2036    36.0296    32.4961    28.6738    24.8702    21.1934    17.6533    14.6718    11.8492    9.54722    7.60763    6.03899    4.72927    3.7079    2.88668    2.2636    1.81087    1.37007    1.05754    0.793779    0.597866    0.44202    0.328957    0.239216    0.168081    0.11795    0.0845212    0.065251    0.0461941    
55.0006    54.3497    53.4739    52.5789    51.5334    50.5521    49.4891    47.9582    46.4244    44.3801    42.1527    39.4192    36.1985    32.8326    28.9148    25.1167    21.3465    17.8998    14.7781    12.0903    9.58815    7.62912    6.12181    4.74989    3.73367    2.93502    2.31473    1.77129    1.36266    1.04995    0.787639    0.587587    0.447638    0.324403    0.235001    0.172987    0.10908    0.0807793    0.0650804    0.0402551    
54.9643    54.3958    53.4739    52.5085    51.5884    50.7569    49.5447    48.1389    46.4149    44.7801    42.2299    39.6405    36.4244    32.767    29.0851    25.2853    21.6534    18.0972    14.9241    12.1801    9.78354    7.79408    6.12255    4.84502    3.76573    2.94885    2.289    1.76407    1.38122    1.04453    0.812405    0.599407    0.448065    0.322709    0.238676    0.164386    0.125078    0.0942467    0.0635777    0.0421828    
55.138    54.2385    53.908    52.6991    51.8623    50.9382    49.7521    48.347    46.8774    44.9276    42.6069    39.8212    36.5382    32.9974    29.2659    25.5184    21.812    18.2781    15.1306    12.2345    9.85134    7.80685    6.19485    4.85091    3.7989    2.94941    2.31854    1.78282    1.36769    1.06995    0.798755    0.597285    0.44175    0.33765    0.248439    0.173421    0.127147    0.0830193    0.0625992    0.0449798    
55.3978    54.6639    53.708    52.8771    52.0945    51.0604    49.8612    48.425    46.9511    45.1146    42.7553    39.9773    36.7889    33.3355    29.5734    25.6984    21.9748    18.4575    15.2663    12.5328    10.0123    7.96649    6.24715    4.94056    3.87784    2.99294    2.35183    1.81074    1.39312    1.06333    0.803939    0.609045    0.438579    0.322568    0.248126    0.181886    0.127416    0.0885565    0.0626038    0.0447007    
55.6285    54.8259    53.956    53.0688    52.2479    51.3264    50.2095    48.735    47.1341    45.3522    42.9538    40.1893    37.0061    33.5615    29.6633    25.844    22.2474    18.7456    15.4375    12.6397    10.1127    8.06131    6.27854    4.95774    3.87774    3.00078    2.34608    1.77905    1.37543    1.06229    0.798449    0.593545    0.448241    0.323353    0.240738    0.169326    0.116585    0.0857658    0.0648348    0.0409362    
55.419    54.562    54.042    53.2616    52.3745    51.4085    50.2925    48.9687    47.3957    45.5327    43.18    40.3415    37.1819    33.6148    30.0361    26.1281    22.384    18.8772    15.6117    12.7451    10.2885    8.15808    6.40046    5.01987    3.84704    3.05078    2.34453    1.81805    1.40375    1.07504    0.7975    0.601566    0.452019    0.316437    0.236685    0.176328    0.124235    0.0896963    0.0617396    0.0435785    
55.8157    54.9439    54.1809    53.2543    52.6349    51.635    50.5522    49.1878    47.4905    45.7434    43.3727    40.6257    37.3579    33.9348    30.2845    26.3243    22.631    19.1281    15.8705    12.8384    10.3733    8.21578    6.38648    5.00263    3.89464    3.02339    2.35204    1.83233    1.38603    1.07442    0.806063    0.604706    0.444995    0.331928    0.247175    0.166464    0.121196    0.0889884    0.0632925    0.0430112    
55.8644    55.2378    54.4251    53.5514    52.7535    51.8343    50.6746    49.5671    47.8198    46.0317    43.6137    40.8809    37.6949    34.0028    30.3673    26.73    22.895    19.3166    16.0227    13.0556    10.5215    8.2881    6.46782    5.03536    3.91148    3.03852    2.35064    1.80398    1.3888    1.05836    0.791029    0.599609    0.452263    0.33553    0.239815    0.171232    0.119763    0.0895223    0.0635529    0.0469011    
55.8771    55.405    54.5665    53.8109    53.0922    52.0438    50.9045    49.5686    48.1048    46.0174    43.8884    41.131    37.9929    34.3862    30.7349    26.9002    23.151    19.6683    16.2675    13.1866    10.6785    8.33027    6.58426    5.08367    3.94357    3.11119    2.33302    1.79002    1.40946    1.06238    0.805542    0.60991    0.445267    0.331595    0.244709    0.168896    0.128594    0.0873272    0.0629086    0.0427499    
56.2614    55.5333    54.6069    54.0832    53.1996    52.2314    51.1277    49.8014    48.3518    46.4454    43.9602    41.4565    38.2048    34.7436    30.9722    27.1601    23.4498    19.889    16.3634    13.3567    10.7144    8.4418    6.55445    5.13869    3.98841    3.07028    2.33323    1.82505    1.40106    1.06396    0.826408    0.597557    0.447285    0.340259    0.234223    0.16668    0.123404    0.0888328    0.0575843    0.0446996    
56.5205    55.994    54.9619    54.4143    53.3977    52.5602    51.3546    50.1198    48.4537    46.7658    44.4305    41.6314    38.4231    35.1008    31.3378    27.4537    23.7688    20.0418    16.6374    13.515    10.7189    8.47939    6.61007    5.14667    3.94834    3.04704    2.35875    1.82337    1.38854    1.08816    0.814192    0.630436    0.440464    0.339204    0.233842    0.170569    0.126004    0.0882788    0.0628649    0.0451136    
56.5969    56.1871    55.3869    54.7139    53.771    52.8636    51.7799    50.321    48.825    46.9695    44.6973    41.9527    38.8591    35.3573    31.5647    27.808    24.0263    20.1928    16.8274    13.6442    10.8492    8.54135    6.66539    5.17446    3.97403    3.09172    2.39666    1.85409    1.39065    1.06503    0.807395    0.597682    0.452149    0.323502    0.244058    0.174097    0.120346    0.0831064    0.0613573    0.0464944    
56.8748    56.3739    55.6254    54.9026    54.0686    53.1569    52.0639    50.6733    49.1673    47.3508    44.9372    42.3234    39.0977    35.6867    31.9379    28.0929    24.2619    20.4958    17.0138    13.7844    10.9903    8.62289    6.70388    5.16918    4.02029    3.06222    2.36097    1.82591    1.40219    1.08589    0.820322    0.620061    0.45232    0.336297    0.239325    0.172541    0.131468    0.0882784    0.0603607    0.0466547    
57.2703    56.5146    56.0248    55.3485    54.3837    53.5521    52.3194    51.0713    49.4358    47.5622    45.3502    42.6543    39.5321    36.1328    32.2955    28.4299    24.5488    20.7233    17.1241    13.8673    11.0316    8.62186    6.72732    5.22807    3.98745    3.08828    2.36345    1.84588    1.41934    1.07481    0.813334    0.618546    0.46398    0.333273    0.249197    0.171816    0.118823    0.0920339    0.0645507    0.051743    
