0.213333
0.253333
0.226667
0.346667
0.253333
0.24
0.253333
0.406667
0.266667
0.233333
0.353333
0.386667
0.44
0.586667
0.646667
0.56
0.633333
0.46
0.66
0.68
0.833333
0.92
1.02667
0.926667
1
1.19333
1.26
1.26667
1.1
1.4
1.48
1.50667
1.53333
1.75333
1.88667
1.87333
1.76667
2.06667
2.06667
2.39333
2.38
2.26667
2.54
2.61333
2.78
2.85333
2.85333
3.26
3.24
3.17333
3.32
3.71333
3.42
3.53333
3.73333
3.75333
3.54
3.86
3.55333
3.80667
3.82667
4.1
4
4.17333
4.21333
3.95333
4.10667
3.94
4.12
4.16667
4.31333
4.5
4.50667
4.32
4.68
4.49333
4.25333
4.40667
4.23333
4.62
4.66
4.46
4.38
4.43333
4.66
4.49333
4.58
4.44667
4.61333
4.58
4.42
4.66667
4.68
4.54667
4.56
4.32
4.97333
4.26
4.74
4.47333
4.8
4.88
4.34667
4.82
4.58667
4.48667
4.69333
4.24667
4.36
4.36667
4.28667
4.48
4.38667
4.45333
4.36667
4.44667
4.40667
4.62
4.48
4.44667
4.55333
4.54
4.38667
4.62667
4.56
4.63333
4.64667
4.44667
4.36
3.97333
4.16
4.02
4.13333
4.11333
4.16
3.80667
3.47333
3.64
3.25333
3.15333
3.04
2.86667
2.34667
2.34
2.04
1.89333
1.72667
1.4
1.27333
1.20667
0.846667
0.773333
0.586667
0.646667
0.553333
0.366667
0.313333
0.22
0.233333
0.193333
0.153333
0.126667
0.0333333
0.06
0.0266667
0.00666667
0.04
0.02
0.02
0.0266667
0.04
