91.05
90.7
91.35
89.4
91.2
90.8
88.75
88.1
89.9
87.4
87.95
88.15
87.2
85.15
85.45
85.5
83.2
83.05
82.65
82.1
80.15
77.55
77.75
77.2
75.8
73.55
71.85
71.8
68.45
67
63.5
64.15
61.4
61.7
58.3
57.6
53
54
48.6
45.4
46.25
42.5
41.7
39.3
38.15
34.65
35.2
33
31.25
29.75
26.9
24.55
25.7
23.55
20
20.25
18.2
17.4
17.25
15
12.5
13.1
11.95
10.15
10
8.6
7.9
7.25
7.45
6.4
5.8
5.55
4.4
4.15
3.45
3.85
3.4
2.7
2.95
2.1
2.35
1.5
1.95
1.55
1.9
1.9
1.7
1
0.85
0.75
1.05
0.55
0.7
1.15
1
0.95
0.45
0.4
0.6
0.55
0.55
0.6
0.6
0.45
0.6
0.6
0.7
0.9
0.6
0.6
0.75
0.95
0.7
0.55
0.6
0.55
0.9
0.65
0.75
1.1
1
1.1
1.9
1.15
2.55
2.15
2.85
3.6
4.75
5.1
7.1
7.6
9.65
12.4
13.65
16.3
19.75
23.7
27.25
33
35.7
40.7
44.4
49.1
51.95
56.9
60.45
66.75
67.5
73.55
75.75
80.9
82.2
84.2
86.75
88.15
88.65
90.45
91.3
92.9
92.5
93.65
95.25
94.35
95.7
95.95
96.1
96.25
95.8
95.85
94.3
