35.7
37.3
36.4
38.5
40.5
40.5
40.6
43.1
43.8
39.2
40.9
41.1
41
39.4
36
34.8
33.3
32.7
28
26.7
24.8
22.4
21.6
21.6
18.4
15.4
15.2
13.9
11.9
13.6
14
11.2
12.1
11.4
12.3
12.1
9.7
9.5
12.1
9.7
12.1
11.1
11.4
11
10.2
10.6
12.9
10.7
10.7
12.8
14.3
12.8
13.8
14.3
16.2
13.6
14.5
14.6
15.7
15
14.5
17.4
16.7
15.6
14.8
19.4
20.7
14.8
20.3
16.4
19.1
19.1
20.9
18.9
18.1
17.4
18.6
19.2
19.6
17.3
17.5
18
19.4
18.7
17.7
19
15.5
15.6
16.6
15.9
15.6
14.5
14.5
15.5
15.4
13.5
12.4
12.4
13.5
11.9
13.2
12.8
11.4
12.2
11
9.9
10.9
13.4
11.4
11.3
11.1
10.8
9.8
9.1
9.1
8.8
9.7
9.3
9.4
7.9
8.5
8.6
7.5
7.7
7.3
6.2
8.5
8.3
9.5
8.9
6.4
7.4
7.4
6.9
5.7
5
5.6
4.4
6.4
6
6.2
5.5
5.6
6.9
7.5
6.1
6.6
5.9
6.1
5
6.6
4.8
5.4
4.3
4.5
5.2
5.1
4.5
3.4
5.6
3.5
5.3
5
4
4.9
4.6
4
5
4.7
3.3
4
3.8
4.2
3.9
3.8
3.2
4
3.5
3
3.7
3.2
4.7
4.7
3.9
3
4.5
4
2.7
4.4
2.6
3.2
3.2
3.4
2.7
2.9
2.7
2.5
3.7
2.9
2.8
3
2.2
2.5
3.6
3.3
4.3
3.2
2.4
2.6
2.3
2.3
2.6
1.4
2.7
2.3
2.9
1.9
2.8
2.2
1.8
2.7
