3.85
4.1
3.2
4.4
3.65
3.4
4.45
4.2
4.5
5.35
3.85
3.85
3.8
5.1
3.8
3.45
4.1
4.15
3.45
3.35
4
3.8
3.45
4
3.9
4.45
3.8
3.95
3.8
3.85
4.45
3.85
4.6
4.1
3.75
3.2
3.95
3.35
4.2
4
4.05
4.35
4.15
3.1
4
3.8
4.05
3.95
3.25
3.65
5.15
4.2
4.15
3.85
3.55
3.9
3.6
4.35
3.55
4.05
3.95
3.75
4.1
3.5
3.75
3.85
4.55
3.55
3.75
3.75
3.75
3.95
3.9
4.1
3.9
4.15
4.15
3.4
4.2
3.5
5.1
3.9
3.75
3.55
4.6
3.8
3.65
3.65
4.2
3.5
3.35
4
3.55
4.4
3.5
3.65
4.7
4
4
2.85
4.85
4.3
4.25
4.15
4.9
3.85
4.05
4.4
3.55
3.35
4.2
4.15
3.6
3.4
3.4
3.45
4.15
4.1
4.3
3.7
3.9
4.35
4.55
4.9
3.95
3.85
3.95
3.4
4.25
3.95
4.3
4
4.65
3.8
4.1
3.6
3.6
3.7
3.6
3.65
4.1
4
4.15
3.85
4.5
3.8
4.35
4.2
4.2
4.15
3.65
3.35
3.95
4.7
3.5
3.35
3.95
5
3.55
3.7
3.65
4.3
3.95
4.1
3.7
3.9
3.65
3.5
4.1
3.95
5.1
