0.1    0.1    0.1    0.1    0.1    0.1    0.1    0.1    0.1    0.1    0.1    0.1    0.1    0.1    0.1    0.1    0.1    0.1    0.1    0.1    0.1    0.1    0.1    0.1    0.1    0.1    0.1    0.1    0.1    0.1    0.1    0.1    0.1    0.1    0.1    0.1    0.1    0.1    0.1    0.1    
0.114815    0.114815    0.114815    0.114815    0.114815    0.114815    0.114815    0.114815    0.114815    0.114815    0.114815    0.114815    0.114815    0.114815    0.114815    0.114815    0.114815    0.114815    0.114815    0.114815    0.114815    0.114815    0.114815    0.114815    0.114815    0.114815    0.114815    0.114815    0.114815    0.114815    0.114815    0.114815    0.114815    0.114815    0.114815    0.114815    0.114815    0.114815    0.114815    0.114815    
0.131826    0.131826    0.131826    0.131826    0.131826    0.131826    0.131826    0.131826    0.131826    0.131826    0.131826    0.131826    0.131826    0.131826    0.131826    0.131826    0.131826    0.131826    0.131826    0.131826    0.131826    0.131826    0.131826    0.131826    0.131826    0.131826    0.131826    0.131826    0.131826    0.131826    0.131826    0.131826    0.131826    0.131826    0.131826    0.131826    0.131826    0.131826    0.131826    0.131826    
0.151356    0.151356    0.151356    0.151356    0.151356    0.151356    0.151356    0.151356    0.151356    0.151356    0.151356    0.151356    0.151356    0.151356    0.151356    0.151356    0.151356    0.151356    0.151356    0.151356    0.151356    0.151356    0.151356    0.151356    0.151356    0.151356    0.151356    0.151356    0.151356    0.151356    0.151356    0.151356    0.151356    0.151356    0.151356    0.151356    0.151356    0.151356    0.151356    0.151356    
0.17378    0.17378    0.17378    0.17378    0.17378    0.17378    0.17378    0.17378    0.17378    0.17378    0.17378    0.17378    0.17378    0.17378    0.17378    0.17378    0.17378    0.17378    0.17378    0.17378    0.17378    0.17378    0.17378    0.17378    0.17378    0.17378    0.17378    0.17378    0.17378    0.17378    0.17378    0.17378    0.17378    0.17378    0.17378    0.17378    0.17378    0.17378    0.17378    0.17378    
0.199526    0.199526    0.199526    0.199526    0.199526    0.199526    0.199526    0.199526    0.199526    0.199526    0.199526    0.199526    0.199526    0.199526    0.199526    0.199526    0.199526    0.199526    0.199526    0.199526    0.199526    0.199526    0.199526    0.199526    0.199526    0.199526    0.199526    0.199526    0.199526    0.199526    0.199526    0.199526    0.199526    0.199526    0.199526    0.199526    0.199526    0.199526    0.199526    0.199526    
0.229087    0.229087    0.229087    0.229087    0.229087    0.229087    0.229087    0.229087    0.229087    0.229087    0.229087    0.229087    0.229087    0.229087    0.229087    0.229087    0.229087    0.229087    0.229087    0.229087    0.229087    0.229087    0.229087    0.229087    0.229087    0.229087    0.229087    0.229087    0.229087    0.229087    0.229087    0.229087    0.229087    0.229087    0.229087    0.229087    0.229087    0.229087    0.229087    0.229087    
0.263027    0.263027    0.263027    0.263027    0.263027    0.263027    0.263027    0.263027    0.263027    0.263027    0.263027    0.263027    0.263027    0.263027    0.263027    0.263027    0.263027    0.263027    0.263027    0.263027    0.263027    0.263027    0.263027    0.263027    0.263027    0.263027    0.263027    0.263027    0.263027    0.263027    0.263027    0.263027    0.263027    0.263027    0.263027    0.263027    0.263027    0.263027    0.263027    0.263027    
0.301995    0.301995    0.301995    0.301995    0.301995    0.301995    0.301995    0.301995    0.301995    0.301995    0.301995    0.301995    0.301995    0.301995    0.301995    0.301995    0.301995    0.301995    0.301995    0.301995    0.301995    0.301995    0.301995    0.301995    0.301995    0.301995    0.301995    0.301995    0.301995    0.301995    0.301995    0.301995    0.301995    0.301995    0.301995    0.301995    0.301995    0.301995    0.301995    0.301995    
0.346737    0.346737    0.346737    0.346737    0.346737    0.346737    0.346737    0.346737    0.346737    0.346737    0.346737    0.346737    0.346737    0.346737    0.346737    0.346737    0.346737    0.346737    0.346737    0.346737    0.346737    0.346737    0.346737    0.346737    0.346737    0.346737    0.346737    0.346737    0.346737    0.346737    0.346737    0.346737    0.346737    0.346737    0.346737    0.346737    0.346737    0.346737    0.346737    0.346737    
0.398107    0.398107    0.398107    0.398107    0.398107    0.398107    0.398107    0.398107    0.398107    0.398107    0.398107    0.398107    0.398107    0.398107    0.398107    0.398107    0.398107    0.398107    0.398107    0.398107    0.398107    0.398107    0.398107    0.398107    0.398107    0.398107    0.398107    0.398107    0.398107    0.398107    0.398107    0.398107    0.398107    0.398107    0.398107    0.398107    0.398107    0.398107    0.398107    0.398107    
0.457088    0.457088    0.457088    0.457088    0.457088    0.457088    0.457088    0.457088    0.457088    0.457088    0.457088    0.457088    0.457088    0.457088    0.457088    0.457088    0.457088    0.457088    0.457088    0.457088    0.457088    0.457088    0.457088    0.457088    0.457088    0.457088    0.457088    0.457088    0.457088    0.457088    0.457088    0.457088    0.457088    0.457088    0.457088    0.457088    0.457088    0.457088    0.457088    0.457088    
0.524807    0.524807    0.524807    0.524807    0.524807    0.524807    0.524807    0.524807    0.524807    0.524807    0.524807    0.524807    0.524807    0.524807    0.524807    0.524807    0.524807    0.524807    0.524807    0.524807    0.524807    0.524807    0.524807    0.524807    0.524807    0.524807    0.524807    0.524807    0.524807    0.524807    0.524807    0.524807    0.524807    0.524807    0.524807    0.524807    0.524807    0.524807    0.524807    0.524807    
0.60256    0.60256    0.60256    0.60256    0.60256    0.60256    0.60256    0.60256    0.60256    0.60256    0.60256    0.60256    0.60256    0.60256    0.60256    0.60256    0.60256    0.60256    0.60256    0.60256    0.60256    0.60256    0.60256    0.60256    0.60256    0.60256    0.60256    0.60256    0.60256    0.60256    0.60256    0.60256    0.60256    0.60256    0.60256    0.60256    0.60256    0.60256    0.60256    0.60256    
0.691831    0.691831    0.691831    0.691831    0.691831    0.691831    0.691831    0.691831    0.691831    0.691831    0.691831    0.691831    0.691831    0.691831    0.691831    0.691831    0.691831    0.691831    0.691831    0.691831    0.691831    0.691831    0.691831    0.691831    0.691831    0.691831    0.691831    0.691831    0.691831    0.691831    0.691831    0.691831    0.691831    0.691831    0.691831    0.691831    0.691831    0.691831    0.691831    0.691831    
0.794328    0.794328    0.794328    0.794328    0.794328    0.794328    0.794328    0.794328    0.794328    0.794328    0.794328    0.794328    0.794328    0.794328    0.794328    0.794328    0.794328    0.794328    0.794328    0.794328    0.794328    0.794328    0.794328    0.794328    0.794328    0.794328    0.794328    0.794328    0.794328    0.794328    0.794328    0.794328    0.794328    0.794328    0.794328    0.794328    0.794328    0.794328    0.794328    0.794328    
0.912011    0.912011    0.912011    0.912011    0.912011    0.912011    0.912011    0.912011    0.912011    0.912011    0.912011    0.912011    0.912011    0.912011    0.912011    0.912011    0.912011    0.912011    0.912011    0.912011    0.912011    0.912011    0.912011    0.912011    0.912011    0.912011    0.912011    0.912011    0.912011    0.912011    0.912011    0.912011    0.912011    0.912011    0.912011    0.912011    0.912011    0.912011    0.912011    0.912011    
1.04713    1.04713    1.04713    1.04713    1.04713    1.04713    1.04713    1.04713    1.04713    1.04713    1.04713    1.04713    1.04713    1.04713    1.04713    1.04713    1.04713    1.04713    1.04713    1.04713    1.04713    1.04713    1.04713    1.04713    1.04713    1.04713    1.04713    1.04713    1.04713    1.04713    1.04713    1.04713    1.04713    1.04713    1.04713    1.04713    1.04713    1.04713    1.04713    1.04713    
1.20226    1.20226    1.20226    1.20226    1.20226    1.20226    1.20226    1.20226    1.20226    1.20226    1.20226    1.20226    1.20226    1.20226    1.20226    1.20226    1.20226    1.20226    1.20226    1.20226    1.20226    1.20226    1.20226    1.20226    1.20226    1.20226    1.20226    1.20226    1.20226    1.20226    1.20226    1.20226    1.20226    1.20226    1.20226    1.20226    1.20226    1.20226    1.20226    1.20226    
1.38038    1.38038    1.38038    1.38038    1.38038    1.38038    1.38038    1.38038    1.38038    1.38038    1.38038    1.38038    1.38038    1.38038    1.38038    1.38038    1.38038    1.38038    1.38038    1.38038    1.38038    1.38038    1.38038    1.38038    1.38038    1.38038    1.38038    1.38038    1.38038    1.38038    1.38038    1.38038    1.38038    1.38038    1.38038    1.38038    1.38038    1.38038    1.38038    1.38038    
1.58489    1.58489    1.58489    1.58489    1.58489    1.58489    1.58489    1.58489    1.58489    1.58489    1.58489    1.58489    1.58489    1.58489    1.58489    1.58489    1.58489    1.58489    1.58489    1.58489    1.58489    1.58489    1.58489    1.58489    1.58489    1.58489    1.58489    1.58489    1.58489    1.58489    1.58489    1.58489    1.58489    1.58489    1.58489    1.58489    1.58489    1.58489    1.58489    1.58489    
1.8197    1.8197    1.8197    1.8197    1.8197    1.8197    1.8197    1.8197    1.8197    1.8197    1.8197    1.8197    1.8197    1.8197    1.8197    1.8197    1.8197    1.8197    1.8197    1.8197    1.8197    1.8197    1.8197    1.8197    1.8197    1.8197    1.8197    1.8197    1.8197    1.8197    1.8197    1.8197    1.8197    1.8197    1.8197    1.8197    1.8197    1.8197    1.8197    1.8197    
2.0893    2.0893    2.0893    2.0893    2.0893    2.0893    2.0893    2.0893    2.0893    2.0893    2.0893    2.0893    2.0893    2.0893    2.0893    2.0893    2.0893    2.0893    2.0893    2.0893    2.0893    2.0893    2.0893    2.0893    2.0893    2.0893    2.0893    2.0893    2.0893    2.0893    2.0893    2.0893    2.0893    2.0893    2.0893    2.0893    2.0893    2.0893    2.0893    2.0893    
2.39883    2.39883    2.39883    2.39883    2.39883    2.39883    2.39883    2.39883    2.39883    2.39883    2.39883    2.39883    2.39883    2.39883    2.39883    2.39883    2.39883    2.39883    2.39883    2.39883    2.39883    2.39883    2.39883    2.39883    2.39883    2.39883    2.39883    2.39883    2.39883    2.39883    2.39883    2.39883    2.39883    2.39883    2.39883    2.39883    2.39883    2.39883    2.39883    2.39883    
2.75423    2.75423    2.75423    2.75423    2.75423    2.75423    2.75423    2.75423    2.75423    2.75423    2.75423    2.75423    2.75423    2.75423    2.75423    2.75423    2.75423    2.75423    2.75423    2.75423    2.75423    2.75423    2.75423    2.75423    2.75423    2.75423    2.75423    2.75423    2.75423    2.75423    2.75423    2.75423    2.75423    2.75423    2.75423    2.75423    2.75423    2.75423    2.75423    2.75423    
3.16228    3.16228    3.16228    3.16228    3.16228    3.16228    3.16228    3.16228    3.16228    3.16228    3.16228    3.16228    3.16228    3.16228    3.16228    3.16228    3.16228    3.16228    3.16228    3.16228    3.16228    3.16228    3.16228    3.16228    3.16228    3.16228    3.16228    3.16228    3.16228    3.16228    3.16228    3.16228    3.16228    3.16228    3.16228    3.16228    3.16228    3.16228    3.16228    3.16228    
3.63078    3.63078    3.63078    3.63078    3.63078    3.63078    3.63078    3.63078    3.63078    3.63078    3.63078    3.63078    3.63078    3.63078    3.63078    3.63078    3.63078    3.63078    3.63078    3.63078    3.63078    3.63078    3.63078    3.63078    3.63078    3.63078    3.63078    3.63078    3.63078    3.63078    3.63078    3.63078    3.63078    3.63078    3.63078    3.63078    3.63078    3.63078    3.63078    3.63078    
4.16869    4.16869    4.16869    4.16869    4.16869    4.16869    4.16869    4.16869    4.16869    4.16869    4.16869    4.16869    4.16869    4.16869    4.16869    4.16869    4.16869    4.16869    4.16869    4.16869    4.16869    4.16869    4.16869    4.16869    4.16869    4.16869    4.16869    4.16869    4.16869    4.16869    4.16869    4.16869    4.16869    4.16869    4.16869    4.16869    4.16869    4.16869    4.16869    4.16869    
4.7863    4.7863    4.7863    4.7863    4.7863    4.7863    4.7863    4.7863    4.7863    4.7863    4.7863    4.7863    4.7863    4.7863    4.7863    4.7863    4.7863    4.7863    4.7863    4.7863    4.7863    4.7863    4.7863    4.7863    4.7863    4.7863    4.7863    4.7863    4.7863    4.7863    4.7863    4.7863    4.7863    4.7863    4.7863    4.7863    4.7863    4.7863    4.7863    4.7863    
5.49541    5.49541    5.49541    5.49541    5.49541    5.49541    5.49541    5.49541    5.49541    5.49541    5.49541    5.49541    5.49541    5.49541    5.49541    5.49541    5.49541    5.49541    5.49541    5.49541    5.49541    5.49541    5.49541    5.49541    5.49541    5.49541    5.49541    5.49541    5.49541    5.49541    5.49541    5.49541    5.49541    5.49541    5.49541    5.49541    5.49541    5.49541    5.49541    5.49541    
6.30957    6.30957    6.30957    6.30957    6.30957    6.30957    6.30957    6.30957    6.30957    6.30957    6.30957    6.30957    6.30957    6.30957    6.30957    6.30957    6.30957    6.30957    6.30957    6.30957    6.30957    6.30957    6.30957    6.30957    6.30957    6.30957    6.30957    6.30957    6.30957    6.30957    6.30957    6.30957    6.30957    6.30957    6.30957    6.30957    6.30957    6.30957    6.30957    6.30957    
7.24436    7.24436    7.24436    7.24436    7.24436    7.24436    7.24436    7.24436    7.24436    7.24436    7.24436    7.24436    7.24436    7.24436    7.24436    7.24436    7.24436    7.24436    7.24436    7.24436    7.24436    7.24436    7.24436    7.24436    7.24436    7.24436    7.24436    7.24436    7.24436    7.24436    7.24436    7.24436    7.24436    7.24436    7.24436    7.24436    7.24436    7.24436    7.24436    7.24436    
8.31764    8.31764    8.31764    8.31764    8.31764    8.31764    8.31764    8.31764    8.31764    8.31764    8.31764    8.31764    8.31764    8.31764    8.31764    8.31764    8.31764    8.31764    8.31764    8.31764    8.31764    8.31764    8.31764    8.31764    8.31764    8.31764    8.31764    8.31764    8.31764    8.31764    8.31764    8.31764    8.31764    8.31764    8.31764    8.31764    8.31764    8.31764    8.31764    8.31764    
9.54993    9.54993    9.54993    9.54993    9.54993    9.54993    9.54993    9.54993    9.54993    9.54993    9.54993    9.54993    9.54993    9.54993    9.54993    9.54993    9.54993    9.54993    9.54993    9.54993    9.54993    9.54993    9.54993    9.54993    9.54993    9.54993    9.54993    9.54993    9.54993    9.54993    9.54993    9.54993    9.54993    9.54993    9.54993    9.54993    9.54993    9.54993    9.54993    9.54993    
10.9648    10.9648    10.9648    10.9648    10.9648    10.9648    10.9648    10.9648    10.9648    10.9648    10.9648    10.9648    10.9648    10.9648    10.9648    10.9648    10.9648    10.9648    10.9648    10.9648    10.9648    10.9648    10.9648    10.9648    10.9648    10.9648    10.9648    10.9648    10.9648    10.9648    10.9648    10.9648    10.9648    10.9648    10.9648    10.9648    10.9648    10.9648    10.9648    10.9648    
12.5893    12.5893    12.5893    12.5893    12.5893    12.5893    12.5893    12.5893    12.5893    12.5893    12.5893    12.5893    12.5893    12.5893    12.5893    12.5893    12.5893    12.5893    12.5893    12.5893    12.5893    12.5893    12.5893    12.5893    12.5893    12.5893    12.5893    12.5893    12.5893    12.5893    12.5893    12.5893    12.5893    12.5893    12.5893    12.5893    12.5893    12.5893    12.5893    12.5893    
14.4544    14.4544    14.4544    14.4544    14.4544    14.4544    14.4544    14.4544    14.4544    14.4544    14.4544    14.4544    14.4544    14.4544    14.4544    14.4544    14.4544    14.4544    14.4544    14.4544    14.4544    14.4544    14.4544    14.4544    14.4544    14.4544    14.4544    14.4544    14.4544    14.4544    14.4544    14.4544    14.4544    14.4544    14.4544    14.4544    14.4544    14.4544    14.4544    14.4544    
16.5959    16.5959    16.5959    16.5959    16.5959    16.5959    16.5959    16.5959    16.5959    16.5959    16.5959    16.5959    16.5959    16.5959    16.5959    16.5959    16.5959    16.5959    16.5959    16.5959    16.5959    16.5959    16.5959    16.5959    16.5959    16.5959    16.5959    16.5959    16.5959    16.5959    16.5959    16.5959    16.5959    16.5959    16.5959    16.5959    16.5959    16.5959    16.5959    16.5959    
19.0546    19.0546    19.0546    19.0546    19.0546    19.0546    19.0546    19.0546    19.0546    19.0546    19.0546    19.0546    19.0546    19.0546    19.0546    19.0546    19.0546    19.0546    19.0546    19.0546    19.0546    19.0546    19.0546    19.0546    19.0546    19.0546    19.0546    19.0546    19.0546    19.0546    19.0546    19.0546    19.0546    19.0546    19.0546    19.0546    19.0546    19.0546    19.0546    19.0546    
21.8776    21.8776    21.8776    21.8776    21.8776    21.8776    21.8776    21.8776    21.8776    21.8776    21.8776    21.8776    21.8776    21.8776    21.8776    21.8776    21.8776    21.8776    21.8776    21.8776    21.8776    21.8776    21.8776    21.8776    21.8776    21.8776    21.8776    21.8776    21.8776    21.8776    21.8776    21.8776    21.8776    21.8776    21.8776    21.8776    21.8776    21.8776    21.8776    21.8776    
