52.8
52.3
48.7
50.8
51.9
46.3
44.1
47.7
44.7
47.6
47.8
48.3
50.2
52.4
51
54.9
58.3
59.3
59.1
63.3
66.1
68.1
73
73.1
74
74.2
73.8
77
77.7
78.5
79
79.1
79.2
79
82.6
80.1
82.2
77.6
81.5
82.5
82
80.6
82.2
82.1
79.7
80.6
80.2
80.3
83.9
79.3
81.7
81.3
81
78.5
79.1
77.7
78.2
78.6
78
78.3
75.3
77.2
76.7
78.1
75
75.3
77.8
76.4
76.8
73.9
77.1
76.1
73.9
74.9
73
74.4
75.9
75.9
76.4
75.9
77.3
71.5
74.4
73.4
75.8
76.2
76.2
76
75.9
74.5
78.5
77
78.3
79.3
77
79.5
80.3
78.6
81.2
79.3
81.5
80.2
82.8
82.5
80.3
82.2
81.9
82.9
83.9
84.4
81.4
80.9
81.9
81.4
82.2
82.9
83.8
83.2
83.4
83.5
82.5
84
85.8
87.4
84.5
84.2
84.7
86.7
84.5
86.9
87
85.7
82.1
84.9
88.1
85.3
86.5
85.9
88.4
89.6
87.1
87.3
85.9
88.8
86.8
88
87.4
88
85.6
86.9
87.3
87.7
88.3
87.2
87.3
88.2
88.8
88.8
88.6
88.2
87.2
86.8
91.7
87.9
89.1
89.4
87.3
89.3
88
87.4
87.3
88.2
87.7
89.5
88.2
87.7
87.2
88.8
86.8
89.1
88.3
89.9
90.1
89.1
89.6
88.6
89.3
89.6
88.5
91.3
88.1
88.4
88.4
90.4
90.1
91.3
88.8
89.9
89.4
90.1
91
89
89.2
89.6
88
89.3
90.8
90.5
89.3
88.1
90.9
90.9
89.8
89.5
89.5
91.6
91.2
91.7
89.3
90.5
90.4
